0.5665 -0.012 0.6521 0.5665 -0.012 0.6521            1 -1.02707e-17  2.30195e-17 -1.02707e-17           -1   6.4651e-20 2.30195e-17 -6.4651e-20          -1            1 -1.02707e-17  2.30195e-17 -1.02707e-17           -1   6.4651e-20 2.30195e-17 -6.4651e-20          -1 -6.81426e-18 -2.30195e-17 -3.35236e-18      -1.5708  -6.4651e-20       1.5708  1.04078e-19
  0.566494 -0.0119945     0.6521 0.5665 -0.012 0.6521            1 -2.94033e-05  2.30195e-17 -2.94033e-05           -1  6.39741e-20  2.30192e-17 -6.49884e-20           -1           1  1.0499e-17 -2.4166e-17   1.0499e-17           -1 -9.25275e-19 -2.4166e-17 9.25275e-19          -1 7.56571e-18  2.4166e-17 3.90872e-18     -1.5708 9.25275e-19      1.5708 9.75384e-19
  0.566476 -0.0119782     0.6521 0.5665 -0.012 0.6521            1 -0.000117417  2.30195e-17 -0.000117417           -1  6.19481e-20  2.30182e-17 -6.59985e-20           -1            1 -2.29558e-17  5.66595e-17 -2.29558e-17           -1  4.24454e-19  5.66595e-17 -4.24454e-19           -1 -1.59524e-17 -5.66595e-17 -7.74161e-18      -1.5708 -4.24454e-19       1.5708 -7.38209e-19
 0.566447 -0.011951    0.6521  0.566499 -0.011999    0.6521            1 -0.000263747  2.30195e-17 -0.000263747           -1  5.85797e-20  2.30165e-17 -6.76777e-20           -1            1  -5.5864e-06 -2.13463e-08 -5.5864e-06          -1  8.5806e-11 -2.13463e-08 -8.56868e-11           -1  9.97007e-07 -3.55493e-06  9.97036e-07      -1.5708 -8.20998e-11       1.5708  7.58045e-06
 0.566406 -0.011913  0.652099  0.566495 -0.011995    0.6521            1 -0.000468097  2.30195e-17 -0.000468097           -1  5.38756e-20  2.30141e-17 -7.00223e-20           -1           1 -2.6834e-05 2.72175e-08 -2.6834e-05          -1 2.25746e-10  2.72175e-08 -2.26476e-10           -1   4.7886e-06 -1.70741e-05  4.78866e-06     -1.57082 -1.44975e-10       1.5708  3.64113e-05
  0.566353 -0.0118643   0.652099   0.566486 -0.0119866     0.6521            1 -0.000730175  2.30195e-17 -0.000730175           -1  4.78427e-20  2.30111e-17 -7.30284e-20           -1            1 -7.18477e-05  5.57812e-08 -7.18477e-05           -1  5.19485e-10  5.57811e-08 -5.23493e-10           -1  1.28206e-05 -4.57129e-05  1.28208e-05     -1.57085  6.11538e-11      1.57081  9.74891e-05
  0.566289 -0.0118049   0.652099    0.56647 -0.0119726     0.6521    0.999999 -0.00104968 2.30195e-17 -0.00104968   -0.999999 4.04877e-20  2.30074e-17 -7.66923e-20           -1            1 -0.000147136 -8.67873e-08 -0.000147136           -1  1.58681e-09 -8.67876e-08 -1.57404e-09           -1  2.62539e-05 -9.36117e-05  2.62556e-05     -1.57091  8.88352e-10      1.57082  0.000199646
  0.566213 -0.0117349   0.652098   0.566448 -0.0119521     0.6521    0.999999 -0.00142633 2.30195e-17 -0.00142633   -0.999999 3.18175e-20   2.3003e-17 -8.10099e-20           -1            1 -0.000257915  -6.4129e-08 -0.000257915           -1  4.23403e-09 -6.41301e-08 -4.21749e-09           -1  4.60181e-05 -0.000164087  4.60256e-05       -1.571  3.34062e-09      1.57083  0.000349958
  0.566125 -0.0116543   0.652097   0.566418 -0.0119241   0.652099    0.999998 -0.00185982 2.30195e-17 -0.00185982   -0.999998 2.18388e-20  2.2998e-17 -8.5977e-20          -1            1 -0.000408353 -8.91405e-08 -0.000408353           -1  9.46708e-09 -8.91443e-08 -9.43068e-09           -1  7.28542e-05 -0.000259787  7.28782e-05     -1.57111  9.51513e-09      1.57085  0.000554085
  0.566027 -0.0115632   0.652097   0.566379 -0.0118881   0.652099    0.999997 -0.00234986 2.30195e-17 -0.00234986   -0.999997 1.05583e-20  2.29924e-17 -9.15895e-20           -1            1 -0.000601771 -8.31369e-08 -0.000601771           -1  1.83359e-08 -8.31479e-08 -1.82858e-08           -1  0.000107351 -0.000382817  0.000107411     -1.57126  2.28509e-08      1.57088  0.000816533
  0.565916 -0.0114616   0.652096   0.566331 -0.0118437   0.652099    0.999996 -0.00289615 2.30194e-17  -0.00289615    -0.999996 -2.01704e-21  2.2986e-17 -9.7843e-20          -1            1 -0.000840803 -5.04357e-08 -0.000840803           -1  3.18661e-08 -5.04625e-08 -3.18237e-08           -1  0.000149971 -0.000534842  0.000150103     -1.57145  4.84728e-08      1.57091   0.00114088
  0.565795 -0.0113497   0.652095   0.566273 -0.0117904   0.652098    0.999994  -0.0034984 2.30194e-17   -0.0034984    -0.999994 -1.58805e-20  2.29791e-17 -1.04733e-19           -1    0.999999 -0.00112753  4.0217e-09 -0.00112753   -0.999999 5.10558e-08  3.96413e-09 -5.10603e-08           -1  0.000201076 -0.000717167  0.000201335     -1.57167  9.33289e-08      1.57095   0.00152994
  0.565663 -0.0112274   0.652094  0.566205 -0.011728  0.652098    0.999991 -0.00415632 2.30193e-17  -0.00415632    -0.999991 -3.10254e-20  2.29714e-17 -1.12255e-19           -1    0.999999 -0.00146357  2.2531e-08 -0.00146357   -0.999999 7.69317e-08  2.24184e-08 -7.69646e-08           -1  0.000260946 -0.000930809  0.000261411     -1.57193  1.66347e-07        1.571   0.00198592
  0.565519 -0.0110948   0.652093   0.566127 -0.0116561   0.652097    0.999988  -0.0048696 2.30192e-17   -0.0048696    -0.999988 -4.74448e-20  2.29632e-17 -1.20405e-19           -1     0.999998  -0.00185019 -5.10097e-08 -0.00185019   -0.999998 1.10535e-07 -5.12141e-08  -1.1044e-07           -1 0.000329791 -0.00117654 0.000330573    -1.57223 2.78528e-07     1.57106  0.00251055
  0.565364 -0.0109519   0.652092   0.566039 -0.0115747   0.652097    0.999984 -0.00563795 2.30192e-17  -0.00563795    -0.999984 -6.51319e-20  2.29543e-17 -1.29177e-19           -1    0.999997 -0.00228836 1.12935e-08 -0.00228836   -0.999997 1.52045e-07  1.09456e-08 -1.52071e-07           -1 0.000407767 -0.00145496 0.000409014    -1.57257  4.4302e-07     1.57112  0.00310514
  0.565198 -0.0107989   0.652091    0.56594 -0.0114835   0.652096    0.999979 -0.00646108  2.3019e-17 -0.00646108   -0.999979  -8.408e-20  2.29447e-17 -1.38567e-19           -1   0.999996 -0.0027788 4.1873e-08 -0.0027788  -0.999996 2.0243e-07  4.13103e-08 -2.02546e-07           -1 0.000494984 -0.00176648 0.000496887    -1.57295 6.75157e-07     1.57118  0.00377067
  0.565021 -0.0106358    0.65209   0.565831 -0.0113825   0.652095    0.999973 -0.00733869 2.30189e-17  -0.00733869    -0.999973 -1.04282e-19 2.29345e-17 -1.4857e-19          -1     0.999994  -0.00332204 -1.66515e-08 -0.00332204   -0.999994 2.62611e-07 -1.75239e-08 -2.62554e-07           -1 0.000591515 -0.00211142 0.000594315    -1.57337 9.92312e-07     1.57126  0.00450787
  0.564834 -0.0104626   0.652089    0.56571 -0.0112717   0.652095    0.999966 -0.00827049 2.30187e-17  -0.00827049    -0.999966 -1.25732e-19 2.29237e-17 -1.5918e-19          -1    0.999992 -0.00391846 3.11894e-08 -0.00391846   -0.999992 3.32173e-07  2.98875e-08 -3.32292e-07           -1 0.000697401 -0.00248995 0.000701393    -1.57383  1.4141e-06     1.57134  0.00531726
  0.564635 -0.0102793   0.652088   0.565579 -0.0111509   0.652094    0.999957 -0.00925618 2.30185e-17  -0.00925618    -0.999957 -1.48422e-19  2.29122e-17 -1.70394e-19           -1     0.99999 -0.00456831 5.72298e-08 -0.00456831    -0.99999 4.11933e-07 5.53474e-08 -4.1219e-07          -1 0.000812658 -0.00290221 0.000818201    -1.57434 1.96231e-06     1.57143  0.00619918
  0.564426 -0.0100861   0.652086   0.565438 -0.0110201   0.652093    0.999947  -0.0102955 2.30183e-17   -0.0102955    -0.999947 -1.72345e-19  2.29001e-17 -1.82205e-19           -1     0.999986  -0.00527174 -1.76881e-08 -0.00527174   -0.999986 5.02854e-07 -2.03388e-08 -5.02754e-07           -1 0.000937282 -0.00334821 0.000944801    -1.57488 2.66067e-06     1.57153  0.00715384
 0.564205 -0.009883  0.652085   0.565285 -0.0108794   0.652092   0.999935  -0.011388 2.3018e-17    -0.011388    -0.999935 -1.97496e-19  2.28873e-17 -1.94608e-19           -1     0.999982  -0.00602879 -9.15908e-08 -0.00602879   -0.999982 6.04591e-07 -9.52341e-08 -6.04028e-07           -1  0.00107125 -0.00382795  0.00108124    -1.57546 3.53512e-06     1.57163  0.00818131
   0.563975 -0.00967003    0.652083   0.565122 -0.0107288    0.65209    0.999921  -0.0125336 2.30177e-17   -0.0125336    -0.999921 -2.23866e-19   2.2874e-17 -2.07598e-19           -1    0.999977 -0.00683947 9.42482e-09 -0.00683947   -0.999977 7.15602e-07 4.53026e-09 -7.1565e-07          -1  0.00121452 -0.00434137  0.00122757    -1.57609 4.61367e-06     1.57175   0.0092816
   0.563733 -0.00944726    0.652082   0.564947 -0.0105681   0.652089    0.999906  -0.0137319 2.30173e-17  -0.0137319   -0.999906 -2.5145e-19  2.28599e-17 -2.21169e-19           -1      0.99997  -0.00770371 -5.73799e-08 -0.00770371    -0.99997 8.38966e-07 -6.38414e-08 -8.38499e-07           -1  0.00136705 -0.00488835  0.00138382    -1.57675 5.92626e-06     1.57186   0.0104546
   0.563481 -0.00921475     0.65208   0.564762 -0.0103976   0.652088    0.999888  -0.0149825 2.30169e-17  -0.0149825   -0.999888 -2.8024e-19  2.28453e-17 -2.35316e-19           -1     0.999963  -0.00862141 -6.92313e-08 -0.00862141   -0.999963   9.729e-07 -7.76165e-08 -9.72267e-07           -1  0.00152878 -0.00546877  0.00155002    -1.57746 7.50466e-06     1.57199   0.0117003
   0.563219 -0.00897254    0.652078   0.564567 -0.0102171   0.652087    0.999867  -0.0162853 2.30165e-17   -0.0162853    -0.999867 -3.10229e-19    2.283e-17 -2.50034e-19           -1    0.999954 -0.00959241 4.92433e-08 -0.00959241   -0.999954 1.11606e-06  3.85353e-08 -1.11648e-06           -1  0.00169964 -0.00608246   0.0017262    -1.57821 9.38288e-06     1.57212   0.0130184
  0.562946 -0.0087207   0.652076    0.56436 -0.0100267   0.652085    0.999844  -0.0176399 2.30159e-17  -0.0176399   -0.999844 -3.4141e-19  2.28141e-17 -2.65315e-19           -1     0.999944   -0.0106166 -5.61479e-09  -0.0106166   -0.999944 1.27233e-06 -1.91223e-08  -1.2722e-06           -1  0.00187954 -0.00672923  0.00191238    -1.57899 1.15967e-05     1.57226   0.0144086
   0.562662 -0.00845928    0.652075    0.564143 -0.00982652    0.652084    0.999819  -0.0190459 2.30153e-17   -0.0190459    -0.999819 -3.73777e-19  2.27976e-17 -2.81156e-19           -1    0.999932  -0.0116937 3.94221e-08  -0.0116937   -0.999932 1.43823e-06  2.26012e-08 -1.43859e-06           -1  0.00206842 -0.00740889  0.00210859    -1.57982 1.41835e-05     1.57241   0.0158708
   0.562369 -0.00818833    0.652073    0.563915 -0.00961652    0.652082     0.99979  -0.0205032 2.30147e-17   -0.0205032     -0.99979 -4.07323e-19  2.27805e-17 -2.97549e-19           -1     0.999918   -0.0128235 -3.36706e-08  -0.0128235   -0.999918 1.61683e-06 -5.44012e-08 -1.61626e-06           -1  0.00226617 -0.00812121  0.00231485    -1.58068 1.71832e-05     1.57256   0.0174047
   0.562065 -0.00790791    0.652071    0.563677 -0.00939675     0.65208    0.999758  -0.0220114 2.30139e-17  -0.0220114   -0.999758 -4.4204e-19  2.27627e-17 -3.14488e-19           -1    0.999902  -0.0140058 1.89365e-08  -0.0140058   -0.999902 1.80412e-06 -6.33343e-09 -1.80421e-06           -1   0.0024727 -0.00886597  0.00253118    -1.58159 2.06369e-05     1.57272     0.01901
    0.56175 -0.00761807    0.652068    0.563428 -0.00916728    0.652079    0.999722  -0.0235701 2.30131e-17   -0.0235701    -0.999722 -4.77922e-19  2.27443e-17 -3.31969e-19           -1    0.999884  -0.0152403 7.36796e-08  -0.0152403   -0.999884 2.00181e-06  4.31627e-08 -2.00271e-06           -1  0.00268792 -0.00964291  0.00275761    -1.58253  2.4588e-05     1.57289   0.0206863
   0.561426 -0.00731887    0.652066    0.563169 -0.00892813    0.652077    0.999683  -0.0251792 2.30122e-17   -0.0251792    -0.999683 -5.14961e-19  2.27253e-17 -3.49984e-19           -1     0.999863   -0.0165269 -2.79363e-09  -0.0165269   -0.999863 2.21298e-06 -3.93669e-08 -2.21263e-06           -1  0.00291173  -0.0104518  0.00299415    -1.58351 2.90813e-05     1.57306   0.0224333
   0.561092 -0.00701037    0.652064    0.562899 -0.00867937    0.652075     0.99964  -0.0268382 2.30112e-17   -0.0268382     -0.99964 -5.53151e-19  2.27056e-17 -3.68527e-19           -1     0.99984  -0.0178652 1.24464e-07  -0.0178652    -0.99984 2.43009e-06  8.10305e-08 -2.43193e-06           -1  0.00314401  -0.0112923  0.00324083    -1.58453 3.41635e-05     1.57324   0.0242507
   0.560747 -0.00669261    0.652062    0.562619 -0.00842103    0.652073    0.999592  -0.0285469 2.30101e-17   -0.0285469    -0.999592 -5.92485e-19  2.26853e-17 -3.87592e-19           -1    0.999815  -0.0192549 6.78367e-08  -0.0192549   -0.999815 2.66188e-06  1.65698e-08 -2.66269e-06           -1  0.00338466  -0.0121643  0.00349769    -1.58558 3.98832e-05     1.57342   0.0261381
   0.560393 -0.00636565    0.652059    0.562328 -0.00815317    0.652071    0.999541   -0.030305 2.30089e-17    -0.030305    -0.999541 -6.32956e-19  2.26645e-17 -4.07173e-19           -1    0.999786  -0.0206958 1.50069e-07  -0.0206958   -0.999786 2.90054e-06  9.00076e-08 -2.90303e-06           -1  0.00363356  -0.0130674  0.00376473    -1.58668 4.62904e-05     1.57361   0.0280952
   0.560029 -0.00602955    0.652057    0.562027 -0.00787585    0.652069    0.999484  -0.0321122 2.30076e-17   -0.0321122    -0.999484 -6.74555e-19   2.2643e-17 -4.27264e-19           -1   0.999754 -0.0221877  9.148e-08  -0.0221877   -0.999754 3.15327e-06  2.14939e-08 -3.15452e-06           -1  0.00389061  -0.0140014    0.004042    -1.58781 5.34372e-05      1.5738   0.0301215
   0.559654 -0.00568436    0.652055   0.561716 -0.0075891   0.652066    0.999423  -0.0339681 2.30062e-17   -0.0339681    -0.999423 -7.17278e-19  2.26208e-17 -4.47856e-19           -1    0.999718  -0.0237301 8.34251e-08  -0.0237301   -0.999718 3.41492e-06  2.36534e-09 -3.41594e-06           -1  0.00415568  -0.0149659  0.00432953    -1.58897 6.13771e-05     1.57401   0.0322168
   0.559271 -0.00533014    0.652052  0.561395 -0.007293  0.652064    0.999356  -0.0358724 2.30047e-17   -0.0358724    -0.999356 -7.61115e-19  2.25981e-17 -4.68946e-19           -1    0.999679  -0.0253228 7.69986e-08  -0.0253228   -0.999679 3.68649e-06 -1.63785e-08 -3.68726e-06           -1  0.00442866  -0.0159607  0.00462733    -1.59017 7.01655e-05     1.57421   0.0343807
   0.558877 -0.00496693    0.652049    0.561064 -0.00698758    0.652062   0.999284 -0.0378249 2.3003e-17   -0.0378249    -0.999284 -8.06061e-19  2.25747e-17 -4.90524e-19           -1    0.999636  -0.0269656 1.35875e-07  -0.0269656   -0.999636 3.96569e-06   2.8888e-08 -3.96791e-06           -1  0.00470942  -0.0169855  0.00493545    -1.59141 7.98592e-05     1.57442   0.0366127
   0.558473 -0.00459481    0.652047   0.560723 -0.0066729   0.652059    0.999207  -0.0398253 2.30013e-17   -0.0398253    -0.999207 -8.52107e-19  2.25507e-17 -5.12586e-19           -1    0.999589  -0.0286581 8.63286e-08  -0.0286581   -0.999589 4.25872e-06 -3.57535e-08 -4.25944e-06           -1  0.00499784    -0.01804  0.00525392    -1.59268 9.05169e-05     1.57464   0.0389126
   0.558061 -0.00421381    0.652044    0.560371 -0.00634901    0.652057    0.999123  -0.0418731 2.29993e-17   -0.0418731    -0.999123 -8.99247e-19  2.25261e-17 -5.35123e-19           -1    0.999538     -0.0304 2.23622e-07     -0.0304   -0.999538 4.55419e-06  8.50718e-08 -4.55888e-06           -1  0.00529379  -0.0191239  0.00558278    -1.59399 0.000102199     1.57486   0.0412798
 0.557638 -0.003824  0.652041     0.56001 -0.00601598    0.652054    0.999033  -0.0439681 2.29973e-17   -0.0439681    -0.999033 -9.47474e-19 2.25009e-17 -5.5813e-19          -1    0.999482   -0.032191 2.45474e-07   -0.032191   -0.999482 4.86364e-06  8.87817e-08 -4.86902e-06           -1  0.00559715  -0.0202369  0.00592205    -1.59533 0.000114966     1.57509   0.0437141
   0.557206 -0.00342543    0.652038    0.559639 -0.00567384    0.652052   0.998936   -0.04611 2.2995e-17    -0.04611   -0.998936 -9.9678e-19  2.24751e-17 -5.81599e-19           -1    0.999421  -0.0340309 8.78406e-08  -0.0340309   -0.999421 5.19117e-06 -8.88702e-08 -5.19115e-06           -1  0.00590779  -0.0213787  0.00627179     -1.5967 0.000128883     1.57532    0.046215
   0.556765 -0.00301815    0.652035    0.559258 -0.00532267    0.652049    0.998833  -0.0482985 2.29927e-17   -0.0482985    -0.998833 -1.04716e-18  2.24487e-17 -6.05524e-19           -1    0.999355  -0.0359193 1.59153e-07  -0.0359193   -0.999355 5.51787e-06 -3.91472e-08 -5.52002e-06           -1  0.00622557  -0.0225489  0.00663203    -1.59811 0.000144014     1.57556   0.0487822
   0.556314 -0.00260223    0.652032   0.558868 -0.0049625   0.652046    0.998722  -0.0505332 2.29901e-17  -0.0505332   -0.998722 -1.0986e-18  2.24216e-17 -6.29896e-19           -1    0.999283  -0.0378558 2.70424e-07  -0.0378558   -0.999283 5.85126e-06 4.87264e-08 -5.8573e-06          -1  0.00655038  -0.0237474  0.00700281    -1.59955 0.000160426      1.5758   0.0514153
  0.555854 -0.0021777   0.652029   0.558467 -0.0045934   0.652043    0.998604  -0.0528139 2.29874e-17  -0.0528139   -0.998604 -1.1511e-18 2.23939e-17 -6.5471e-19          -1    0.999206  -0.0398403 2.30849e-07  -0.0398403   -0.999206 6.20174e-06 -1.64135e-08 -6.20601e-06           -1  0.00688206  -0.0249737  0.00738417    -1.60102 0.000178187     1.57605   0.0541138
   0.555384 -0.00174464    0.652026    0.558057 -0.00421542    0.652041    0.998479  -0.0551401 2.29845e-17   -0.0551401    -0.998479 -1.20465e-18  2.23656e-17 -6.79958e-19           -1    0.999123  -0.0418724 3.23825e-07  -0.0418724   -0.999123 6.55442e-06   4.9092e-08 -6.56223e-06           -1   0.0072205  -0.0262276  0.00777616    -1.60253 0.000197365      1.5763   0.0568775
   0.554906 -0.00130309    0.652023    0.557638 -0.00382861    0.652038    0.998345  -0.0575116 2.29814e-17   -0.0575116    -0.998345 -1.25924e-18  2.23367e-17 -7.05633e-19           -1    0.999034  -0.0439517 3.54597e-07  -0.0439517   -0.999034 6.91936e-06  5.01367e-08 -6.92825e-06           -1  0.00756555  -0.0275088  0.00817882    -1.60406 0.000218034     1.57655   0.0597059
   0.554418 -0.00085311     0.65202    0.557209 -0.00343303    0.652035    0.998203  -0.0599281 2.29781e-17   -0.0599281    -0.998203 -1.31486e-18  2.23072e-17 -7.31727e-19           -1    0.998938   -0.046078 2.47442e-07   -0.046078   -0.998938 7.30206e-06 -8.92853e-08 -7.30571e-06           -1  0.00791708  -0.0288168   0.0085922    -1.60563 0.000240264     1.57681   0.0625986
    0.553921 -0.000394752     0.652017     0.55677 -0.00302873    0.652031    0.998052  -0.0623892 2.29747e-17   -0.0623892    -0.998052 -1.37152e-18  2.22771e-17 -7.58233e-19           -1    0.998835  -0.0482509 2.79698e-07  -0.0482509   -0.998835 7.68529e-06 -9.14499e-08 -7.68984e-06           -1 0.00827495 -0.0301515 0.00901634   -1.60722 0.00026413    1.57707  0.0655552
   0.553415 7.19279e-05    0.652013    0.556322 -0.00261578    0.652028   0.997892 -0.0648946 2.2971e-17   -0.0648946    -0.997892 -1.42919e-18  2.22463e-17 -7.85145e-19           -1    0.998726  -0.0504701 4.92359e-07  -0.0504701   -0.998726 8.06462e-06  8.47089e-08 -8.07919e-06           -1  0.00863902  -0.0315125   0.0094513    -1.60885 0.000289707     1.57734   0.0685753
     0.5529 0.000546875     0.65201    0.555865 -0.00219421    0.652025    0.997723  -0.0674439 2.29671e-17   -0.0674439    -0.997723 -1.48788e-18  2.22149e-17 -8.12453e-19           -1    0.998609  -0.0527354 3.31768e-07  -0.0527354   -0.998609 8.47837e-06 -1.15804e-07 -8.48407e-06           -1  0.00900915  -0.0328995  0.00989712    -1.61051 0.000317073     1.57761   0.0716586
  0.552377 0.00103003   0.652006    0.555399 -0.00176409    0.652022   0.997544 -0.0700369 2.2963e-17   -0.0700369    -0.997544 -1.54756e-18   2.2183e-17 -8.40152e-19           -1    0.998484  -0.0550463 4.29692e-07  -0.0550463   -0.998484 8.88312e-06 -5.99424e-08  -8.8933e-06           -1  0.00938521  -0.0343122   0.0103538    -1.61219 0.000346305     1.57788   0.0748047
  0.551844 0.00152135   0.652003    0.554923 -0.00132547    0.652019    0.997356  -0.0726732 2.29586e-17   -0.0726732    -0.997356 -1.60825e-18  2.21504e-17 -8.68233e-19           -1    0.998351  -0.0574026 4.60707e-07  -0.0574026   -0.998351 9.30064e-06 -7.39331e-08 -9.31175e-06           -1  0.00976704  -0.0357502   0.0108215     -1.6139 0.000377484     1.57816   0.0780131
  0.551303 0.00202077   0.651999     0.554438 -0.000878407     0.652015    0.997157  -0.0753524 2.29541e-17   -0.0753524    -0.997157 -1.66992e-18  2.21172e-17 -8.96689e-19           -1     0.99821  -0.0598039 4.67289e-07  -0.0598039    -0.99821 9.72886e-06 -1.15371e-07 -9.73939e-06           -1  0.0101545 -0.0372132  0.0113002   -1.61565 0.00041069    1.57843  0.0812834
  0.550753 0.00252824   0.651996     0.553944 -0.000422955     0.652012    0.996948  -0.0780743 2.29493e-17   -0.0780743    -0.996948 -1.73258e-18  2.20833e-17 -9.25511e-19           -1    0.998061    -0.06225 5.99287e-07   -0.06225  -0.998061 1.0155e-05 -3.40225e-08 -1.01726e-05           -1   0.0105475   -0.038701     0.01179    -1.61741 0.000446005     1.57872   0.0846154
 0.550194 0.0030437  0.651992   0.553441 4.0832e-05   0.652008    0.996727  -0.0808384 2.29442e-17   -0.0808384    -0.996727 -1.79621e-18  2.20489e-17 -9.54693e-19           -1    0.997902  -0.0647404 6.57411e-07  -0.0647404   -0.997902 1.05952e-05 -2.99029e-08 -1.06155e-05           -1   0.0109458  -0.0402131   0.0122909    -1.61921 0.000483514       1.579   0.0880085
 0.549627 0.0035671  0.651988    0.552929 0.000512899    0.652005    0.996496  -0.0836445 2.29388e-17  -0.0836445   -0.996496 -1.8608e-18  2.20139e-17 -9.84227e-19           -1    0.997734  -0.0672749 6.72482e-07  -0.0672749   -0.997734 1.10476e-05 -7.22686e-08 -1.10678e-05           -1   0.0113493  -0.0417493    0.012803    -1.62103 0.000523301     1.57929   0.0914624
  0.549051 0.00409839   0.651984    0.552408 0.000993191    0.652001    0.996253  -0.0864921 2.29333e-17   -0.0864921    -0.996253 -1.92636e-18 2.19782e-17 -1.0141e-18          -1    0.997557   -0.069853 8.01148e-07   -0.069853   -0.997557 1.14975e-05 -3.94503e-09 -1.15254e-05           -1   0.0117579  -0.0433093   0.0133262    -1.62288 0.000565453     1.57958   0.0949767
 0.548467 0.0046375   0.65198   0.551879 0.00148165   0.651997    0.995998   -0.089381 2.29274e-17    -0.089381    -0.995998 -1.99286e-18  2.19419e-17 -1.04432e-18           -1     0.99737  -0.0724746 8.32661e-07  -0.0724746    -0.99737 1.19642e-05 -3.66281e-08 -1.19931e-05           -1   0.0121714  -0.0448927   0.0138608    -1.62476 0.000610056     1.57987   0.0985509
  0.547874 0.00518439   0.651976    0.55134 0.00197823   0.651993     0.99573  -0.0923108 2.29212e-17  -0.0923108    -0.99573 -2.0603e-18  2.19051e-17 -1.07486e-18           -1   0.997173 -0.0751392 8.0473e-07  -0.0751392   -0.997173 1.24452e-05 -1.32663e-07 -1.24704e-05           -1   0.0125897  -0.0464992   0.0144067    -1.62666 0.000657201     1.58016    0.102185
0.547273 0.005739 0.651972   0.550793 0.00248287    0.65199     0.99545  -0.0952811 2.29148e-17   -0.0952811     -0.99545 -2.12867e-18  2.18676e-17 -1.10572e-18           -1    0.996965  -0.0778465 9.88146e-07 -0.0778465  -0.996965 1.2912e-05 -2.00048e-08 -1.29497e-05           -1   0.0130127  -0.0481285    0.014964    -1.62858 0.000706976     1.58046    0.105878
  0.546663 0.00630127   0.651968   0.550237 0.00299552   0.651986   0.995158 -0.0982916 2.2908e-17   -0.0982916    -0.995158 -2.19797e-18 2.18294e-17 -1.1369e-18          -1    0.996747  -0.0805962 1.05318e-06  -0.0805962   -0.996747 1.33982e-05 -3.00845e-08 -1.34395e-05           -1   0.0134401  -0.0497802   0.0155327    -1.63053 0.000759474     1.58075     0.10963
  0.546045 0.00687116   0.651964   0.549672 0.00351611   0.651982   0.994852  -0.101342 2.2901e-17    -0.101342    -0.994852 -2.26819e-18  2.17907e-17 -1.16837e-18           -1    0.996517  -0.0833879 1.04069e-06 -0.0833879  -0.996517 1.3901e-05 -1.22114e-07 -1.39394e-05           -1   0.0138718  -0.0514541   0.0161129     -1.6325 0.000814785     1.58105     0.11344
  0.54542 0.0074486   0.65196   0.549099 0.00404461   0.651978    0.994532   -0.104432 2.28936e-17    -0.104432    -0.994532 -2.33932e-18  2.17514e-17 -1.20015e-18           -1   0.996276 -0.0862212 1.2168e-06  -0.0862212   -0.996276 1.43896e-05 -2.84202e-08 -1.44409e-05           -1   0.0143078  -0.0531498   0.0167046     -1.6345 0.000873004     1.58135    0.117308
  0.544786 0.00803354   0.651956   0.548518 0.00458094   0.651974   0.994199  -0.107561 2.2886e-17    -0.107561    -0.994199 -2.41134e-18  2.17115e-17 -1.23221e-18           -1    0.996023  -0.0890959 1.37362e-06  -0.0890959   -0.996023 1.48866e-05   4.1824e-08 -1.49498e-05           -1   0.0147478   -0.054867    0.017308    -1.63651 0.000934226     1.58165    0.121234
  0.544143 0.00862592   0.651952   0.547927 0.00512507    0.65197   0.993851  -0.110728 2.2878e-17    -0.110728    -0.993851 -2.48426e-18  2.16709e-17 -1.26455e-18           -1   0.995758 -0.0920116 1.4292e-06  -0.0920116   -0.995758 1.54032e-05  5.86726e-09 -1.54694e-05           -1   0.0151916  -0.0566054    0.017923    -1.63855 0.000998544     1.58196    0.125217
 0.543493 0.0092257  0.651947   0.547329 0.00567692   0.651965    0.993488   -0.113934 2.28696e-17    -0.113934    -0.993488 -2.55806e-18  2.16297e-17 -1.29717e-18           -1     0.99548  -0.0949679 1.41965e-06  -0.0949679    -0.99548 1.59357e-05 -1.00152e-07 -1.59985e-05           -1  0.0156393 -0.0583647  0.0185497   -1.64062 0.00106606    1.58226   0.129257
  0.542835 0.00983281   0.651943   0.546722 0.00623646   0.651961    0.993111   -0.117178 2.28609e-17    -0.117178    -0.993111 -2.63274e-18   2.1588e-17 -1.33004e-18           -1     0.99519  -0.0979646 1.60222e-06  -0.0979646    -0.99519 1.64497e-05 -1.69788e-08 -1.65275e-05           -1  0.0160906 -0.0601445  0.0191882    -1.6427 0.00113686    1.58257   0.133353
 0.542169 0.0104472  0.651939   0.546107 0.00680362   0.651957    0.992718    -0.12046 2.28519e-17     -0.12046    -0.992718 -2.70828e-18  2.15456e-17 -1.36318e-18           -1    0.994886   -0.101001 1.66886e-06   -0.101001   -0.994886 1.69854e-05 -5.52227e-08 -1.70671e-05           -1  0.0165453 -0.0619445  0.0198385   -1.64481 0.00121106    1.58287   0.137505
 0.541496 0.0110688  0.651934   0.545484 0.00737834   0.651952     0.99231   -0.123779 2.28425e-17    -0.123779     -0.99231 -2.78468e-18  2.15026e-17 -1.39656e-18           -1    0.994569   -0.104077 1.76193e-06   -0.104077   -0.994569 1.75243e-05 -7.15188e-08 -1.76125e-05           -1  0.0170033 -0.0637644  0.0205007   -1.64693 0.00128874    1.58318   0.141712
 0.540814 0.0116976   0.65193   0.544852 0.00796058   0.651948    0.991885   -0.127135 2.28327e-17    -0.127135    -0.991885 -2.86193e-18   2.1459e-17 -1.43017e-18           -1    0.994238   -0.107192 1.91992e-06   -0.107192   -0.994238 1.80601e-05 -2.70457e-08 -1.81619e-05           -1  0.0174646 -0.0656039  0.0211748   -1.64908 0.00137002    1.58349   0.145975
 0.540125 0.0123335  0.651925   0.544213 0.00855028   0.651944    0.991445   -0.130527 2.28226e-17    -0.130527    -0.991445 -2.94002e-18  2.14148e-17 -1.46402e-18           -1    0.993893   -0.110347 1.94526e-06   -0.110347   -0.993893 1.86219e-05  -1.2148e-07 -1.87228e-05           -1  0.0179288 -0.0674627  0.0218609   -1.65124 0.00145498    1.58379   0.150293
 0.539428 0.0129765   0.65192   0.543565 0.00914739   0.651939   0.990987  -0.133956 2.2812e-17    -0.133956    -0.990987 -3.01895e-18  2.13699e-17 -1.49809e-18           -1    0.993534   -0.113539 2.21479e-06   -0.113539   -0.993534 1.91524e-05 2.59199e-08  -1.928e-05          -1   0.018396 -0.0693405   0.022559   -1.65342 0.00154374     1.5841   0.154665
 0.538723 0.0136265  0.651916    0.54291 0.00975184   0.651935    0.990513    -0.13742 2.28011e-17     -0.13742    -0.990513 -3.09869e-18  2.13245e-17 -1.53238e-18           -1    0.993159    -0.11677 2.18445e-06    -0.11677   -0.993159 1.97353e-05 -1.34984e-07 -1.98554e-05           -1  0.0188659 -0.0712368  0.0232692   -1.65563  0.0016364    1.58441   0.159091
 0.538011 0.0142834  0.651911  0.542246 0.0103636   0.65193    0.990021    -0.14092 2.27898e-17     -0.14092    -0.990021 -3.17925e-18  2.12785e-17 -1.56687e-18           -1    0.992769   -0.120038 2.36283e-06   -0.120038   -0.992769 2.02916e-05 -9.00197e-08 -2.04285e-05           -1  0.0193384 -0.0731515  0.0239916   -1.65785 0.00173305    1.58471    0.16357
 0.537292 0.0149473  0.651906  0.541575 0.0109826  0.651925    0.989512   -0.144454 2.27781e-17    -0.144454    -0.989512 -3.26061e-18  2.12318e-17 -1.60155e-18           -1    0.992364   -0.123344 2.53653e-06   -0.123344   -0.992364 2.08531e-05 -5.49466e-08 -2.10068e-05           -1  0.0198133 -0.0750842  0.0247261   -1.66008 0.00183381    1.58502   0.168103
 0.536565 0.0156179  0.651901  0.540896 0.0116088  0.651921    0.988984   -0.148023 2.27659e-17    -0.148023    -0.988984 -3.34277e-18  2.11846e-17 -1.63643e-18           -1    0.991943   -0.126687 2.63958e-06   -0.126687   -0.991943 2.14321e-05 -9.68537e-08 -2.15938e-05           -1  0.0202906 -0.0770347  0.0254729   -1.66234 0.00193878    1.58533   0.172688
  0.53583 0.0162954  0.651896  0.540209 0.0122421  0.651916    0.988438   -0.151626 2.27534e-17    -0.151626    -0.988438 -3.42571e-18  2.11367e-17 -1.67148e-18           -1    0.991505   -0.130066 2.82588e-06   -0.130066   -0.991505 2.20022e-05  -5.9872e-08 -2.21829e-05           -1    0.02077 -0.0790024  0.0262319   -1.66461 0.00204806    1.58563   0.177326
 0.535089 0.0169796  0.651892  0.539515 0.0128824  0.651911    0.987873   -0.155263 2.27404e-17    -0.155263    -0.987873 -3.50944e-18  2.10883e-17 -1.70671e-18           -1   0.991051  -0.133482 2.8966e-06  -0.133482  -0.991051 2.2598e-05  -1.4574e-07 -2.27824e-05           -1  0.0212515 -0.0809873  0.0270033    -1.6669 0.00216177    1.58594   0.182015
  0.53434 0.0176705  0.651887  0.538813 0.0135298  0.651906    0.987289   -0.158934 2.27269e-17    -0.158934    -0.987289 -3.59393e-18  2.10392e-17 -1.74209e-18           -1     0.99058   -0.136933 3.12201e-06   -0.136933    -0.99058 2.31703e-05 -8.01881e-08 -2.33796e-05           -1 0.0217349 -0.082989  0.027787   -1.6692   0.00228   1.58625  0.186756
0.533584 0.018368 0.651882  0.538103 0.0141842  0.651901   0.986686  -0.162637 2.2713e-17    -0.162637    -0.986686 -3.67918e-18  2.09895e-17 -1.77764e-18           -1    0.990092    -0.14042 3.19313e-06    -0.14042   -0.990092 2.37765e-05 -1.77203e-07 -2.39893e-05           -1    0.02222  -0.085007  0.0285832   -1.67152 0.00240287    1.58655   0.191548
 0.532821 0.0190721  0.651877  0.537386 0.0148455  0.651896    0.986063   -0.166373 2.26987e-17    -0.166373    -0.986063 -3.76518e-18  2.09393e-17 -1.81332e-18           -1    0.989586   -0.143942 3.50341e-06   -0.143942   -0.989586 2.43407e-05 -3.67305e-08 -2.45915e-05           -1  0.0227067 -0.0870413  0.0293918   -1.67386 0.00253048    1.58685   0.196391
 0.532051 0.0197827  0.651871  0.536662 0.0155136  0.651891     0.98542   -0.170141 2.26839e-17    -0.170141     -0.98542 -3.85192e-18  2.08884e-17 -1.84915e-18           -1   0.989062  -0.147499 3.6266e-06   -0.147499   -0.989062 2.49454e-05 -9.24945e-08 -2.52075e-05           -1   0.023195 -0.0890914   0.030213   -1.67621 0.00266294    1.58715   0.201284
 0.531273 0.0204997  0.651866   0.53593 0.0161886  0.651886    0.984756   -0.173941 2.26686e-17    -0.173941    -0.984756 -3.93939e-18 2.08369e-17 -1.8851e-18          -1    0.98852   -0.15109 3.8383e-06    -0.15109    -0.98852 2.55372e-05 -6.41697e-08 -2.58239e-05           -1  0.0236845  -0.091157  0.0310467   -1.67857 0.00280036    1.58745   0.206226
 0.530489 0.0212232  0.651861  0.535191 0.0168703  0.651881    0.984072   -0.177772 2.26529e-17    -0.177772    -0.984072 -4.02758e-18  2.07848e-17 -1.92117e-18           -1    0.987959   -0.154715 3.95322e-06  -0.154715  -0.987959 2.6153e-05 -1.40634e-07 -2.64498e-05           -1  0.0241753 -0.0932379   0.031893   -1.68094 0.00294285    1.58775   0.211218
0.529698 0.021953 0.651856  0.534444 0.0175586  0.651876    0.983366   -0.181634 2.26366e-17    -0.181634    -0.983366 -4.11648e-18  2.07322e-17 -1.95736e-18           -1    0.987379   -0.158373 4.12884e-06   -0.158373   -0.987379 2.67605e-05 -1.61405e-07 -2.70766e-05           -1  0.0246671 -0.0953337  0.0327519   -1.68333 0.00309052    1.58805    0.21626
   0.5289 0.0226891  0.651851   0.53369 0.0182537  0.651871    0.982639   -0.185527 2.26199e-17    -0.185527    -0.982639 -4.20608e-18  2.06789e-17 -1.99364e-18           -1     0.98678   -0.162064 4.29598e-06   -0.162064    -0.98678 2.73733e-05 -1.97042e-07 -2.77076e-05           -1  0.0251599 -0.0974442  0.0336236   -1.68574 0.00324348    1.58835   0.221349
 0.528096 0.0234314  0.651845   0.53293 0.0189553  0.651865    0.981891   -0.189449 2.26026e-17    -0.189449    -0.981891 -4.29638e-18   2.0625e-17 -2.03002e-18           -1    0.986161   -0.165788 4.50173e-06   -0.165788   -0.986161 2.79807e-05 -1.99441e-07 -2.83399e-05           -1  0.0256535  -0.099569  0.0345079   -1.68815 0.00340183    1.58864   0.226487
0.527284  0.02418  0.65184  0.532162 0.0196634   0.65186     0.98112   -0.193402 2.25849e-17    -0.193402     -0.98112 -4.38736e-18  2.05706e-17 -2.06649e-18           -1    0.985523   -0.169544 4.79249e-06   -0.169544   -0.985523 2.85708e-05 -1.20909e-07 -2.89697e-05           -1 0.0261478 -0.101708  0.035405  -1.69058 0.0035657   1.58893  0.231673
 0.526466 0.0249346  0.651834 0.531387 0.020378 0.651855    0.980326   -0.197383 2.25666e-17    -0.197383    -0.980326 -4.47901e-18  2.05155e-17 -2.10303e-18           -1    0.984863   -0.173333 4.86672e-06  -0.173333  -0.984863 2.9216e-05 -2.71028e-07 -2.96173e-05           -1  0.0266426   -0.10386  0.0363149   -1.69302 0.00373518    1.58922   0.236906
 0.525642 0.0256954  0.651829 0.530605 0.021099 0.651849     0.97951   -0.201393 2.25479e-17    -0.201393     -0.97951 -4.57132e-18  2.04599e-17 -2.13964e-18           -1    0.984183   -0.177152 5.24101e-06   -0.177152   -0.984183 2.97916e-05 -1.19532e-07 -3.02489e-05           -1  0.0271378  -0.106026  0.0372376   -1.69546 0.00391038    1.58951   0.242185
 0.524811 0.0264621  0.651823  0.529816 0.0218264  0.651844    0.978671   -0.205432 2.25285e-17    -0.205432    -0.978671 -4.66429e-18 2.04036e-17 -2.1763e-18          -1    0.983483   -0.181003 5.38115e-06   -0.181003   -0.983483 3.04257e-05 -2.14869e-07 -3.08972e-05           -1  0.0276333  -0.108206  0.0381732   -1.69792 0.00409143    1.58979   0.247512
 0.523973 0.0272349  0.651818  0.529021 0.0225601  0.651839    0.977809   -0.209498 2.25087e-17    -0.209498    -0.977809 -4.75789e-18  2.03468e-17 -2.21302e-18           -1     0.98276   -0.184884 5.70148e-06   -0.184884    -0.98276 3.10182e-05 -1.31576e-07 -3.15376e-05           -1   0.028129  -0.110398  0.0391216   -1.70039 0.00427842    1.59008   0.252884
 0.523129 0.0280135  0.651812  0.528218 0.0233001  0.651833    0.976923   -0.213592 2.24883e-17    -0.213592    -0.976923 -4.85213e-18  2.02894e-17 -2.24978e-18           -1    0.982016   -0.188795 5.89217e-06   -0.188795   -0.982016 3.16457e-05 -1.88353e-07 -3.21891e-05           -1  0.0286247  -0.112602   0.040083   -1.70287 0.00447148    1.59036   0.258302
0.522279 0.028798 0.651807  0.527409 0.0240462  0.651827    0.976013   -0.217713 2.24673e-17    -0.217713    -0.976013 -4.94699e-18  2.02313e-17 -2.28657e-18           -1    0.981251   -0.192736 6.13441e-06   -0.192736   -0.981251 3.22619e-05 -1.98637e-07 -3.28393e-05           -1 0.0291204 -0.114819 0.0410574  -1.70536 0.0046707   1.59064  0.263765
 0.521422 0.0295883  0.651801  0.526593 0.0247985  0.651822    0.975078    -0.22186 2.24458e-17     -0.22186    -0.975078 -5.04247e-18  2.01728e-17 -2.32339e-18           -1    0.980462   -0.196707 6.36359e-06   -0.196707   -0.980462 3.28833e-05 -2.29103e-07 -3.34926e-05           -1 0.0296158 -0.117048 0.0420447  -1.70786 0.0048762   1.59091  0.269273
 0.520559 0.0303844  0.651795  0.525771 0.0255569  0.651816    0.974119   -0.226034 2.24238e-17    -0.226034    -0.974119 -5.13854e-18  2.01136e-17 -2.36022e-18           -1   0.979652  -0.200706 6.6371e-06   -0.200706   -0.979652 3.34943e-05 -2.20453e-07 -3.41448e-05           -1  0.0301109  -0.119289   0.043045   -1.71037 0.00508809    1.59118   0.274825
  0.51969 0.0311861  0.651789  0.524942 0.0263213   0.65181    0.973136   -0.230233 2.24011e-17   -0.230233   -0.973136 -5.2352e-18  2.00538e-17 -2.39706e-18           -1   0.978818  -0.204734 6.8966e-06   -0.204734   -0.978818 3.41093e-05   -2.328e-07 -3.47987e-05           -1  0.0306055  -0.121541  0.0440583   -1.71288 0.00530647    1.59145   0.280421
 0.518815 0.0319935  0.651784  0.524107 0.0270918  0.651805    0.972126   -0.234458 2.23779e-17    -0.234458    -0.972126 -5.33245e-18 1.99935e-17 -2.4339e-18          -1    0.977961   -0.208789 7.09172e-06   -0.208789   -0.977961 3.47454e-05 -3.19055e-07 -3.54604e-05           -1  0.0310996  -0.123805  0.0450847    -1.7154 0.00553146    1.59172   0.286061
 0.517934 0.0328065  0.651778  0.523265 0.0278681  0.651799    0.971092   -0.238707 2.23541e-17    -0.238707    -0.971092 -5.43026e-18  1.99326e-17 -2.47073e-18           -1     0.97708   -0.212873 7.39947e-06   -0.212873    -0.97708 3.53493e-05 -2.95017e-07 -3.61142e-05           -1   0.031593  -0.126079  0.0461242   -1.71793 0.00576317    1.59198   0.291743
0.517047 0.033625 0.651772  0.522417 0.0286503  0.651793    0.970031    -0.24298 2.23297e-17     -0.24298    -0.970031 -5.52864e-18  1.98711e-17 -2.50754e-18           -1    0.976175   -0.216983 7.63913e-06   -0.216983   -0.976175 3.59729e-05  -3.4838e-07 -3.67734e-05           -1 0.0320856 -0.128364 0.0471767  -1.72047 0.0060017   1.59224  0.297469
0.516154 0.034449 0.651766  0.521562 0.0294383  0.651787    0.968945   -0.247277 2.23046e-17    -0.247277    -0.968945 -5.62756e-18   1.9809e-17 -2.54432e-18           -1    0.975247    -0.22112 8.00138e-06    -0.22112   -0.975247 3.65599e-05 -2.80809e-07 -3.74242e-05           -1  0.0325772  -0.130659  0.0482424   -1.72301 0.00624716     1.5925   0.303236
 0.515255 0.0352784   0.65176  0.520702 0.0302321  0.651781   0.967832  -0.251598 2.2279e-17    -0.251598    -0.967832 -5.72702e-18  1.97463e-17 -2.58106e-18           -1   0.974293  -0.225283 8.2132e-06   -0.225283   -0.974293 3.71947e-05 -3.77295e-07 -3.80889e-05           -1  0.0330679  -0.132964  0.0493212   -1.72556 0.00649966    1.59275   0.309046
  0.51435 0.0361131  0.651754  0.519835 0.0310316  0.651775    0.966692   -0.255942 2.22528e-17  -0.255942  -0.966692 -5.827e-18  1.96831e-17 -2.61776e-18           -1    0.973315   -0.229473 8.54113e-06   -0.229473   -0.973315 3.77917e-05 -3.58958e-07 -3.87432e-05           -1  0.0335574  -0.135279  0.0504131   -1.72812 0.00675931      1.593   0.314896
 0.513439 0.0369532  0.651748  0.518962 0.0318368  0.651769    0.965526   -0.260308 2.22259e-17    -0.260308    -0.965526 -5.92751e-18  1.96193e-17 -2.65441e-18           -1  0.972312 -0.233687 8.854e-06  -0.233687  -0.972312 3.8393e-05 -3.63089e-07  -3.9399e-05           -1  0.0340457  -0.137603  0.0515182   -1.73068 0.00702621    1.59325   0.320788
 0.512523 0.0377985  0.651742  0.518083 0.0326475  0.651763    0.964332   -0.264696 2.21985e-17    -0.264696    -0.964332 -6.02851e-18   1.9555e-17 -2.69099e-18           -1    0.971283   -0.237926 9.20464e-06   -0.237926   -0.971283 3.89812e-05 -3.34337e-07 -4.00518e-05           -1  0.0345326  -0.139937  0.0526364   -1.73324 0.00730046    1.59349    0.32672
 0.511601 0.0386491  0.651736  0.517198 0.0334638  0.651757    0.963111   -0.269105 2.21703e-17    -0.269105    -0.963111 -6.13002e-18  1.94901e-17 -2.72751e-18           -1    0.970229    -0.24219 9.44749e-06    -0.24219   -0.970229 3.96052e-05 -4.25768e-07 -4.07142e-05           -1  0.0350181   -0.14228  0.0537678   -1.73581 0.00758218    1.59373   0.332692
 0.510674 0.0395048   0.65173  0.516307 0.0342856  0.651751    0.961862   -0.273535 2.21416e-17  -0.273535  -0.961862 -6.232e-18  1.94246e-17 -2.76394e-18           -1    0.969148   -0.246478 9.76169e-06   -0.246478   -0.969148 4.02056e-05 -4.49251e-07 -4.13712e-05           -1   0.035502  -0.144632  0.0549124   -1.73839 0.00787146    1.59397   0.338704
