0.5665 -0.012 0.6521 0.5665 -0.012 0.6521            1 -2.39189e-11  3.79138e-16 -2.39189e-11           -1 -6.95283e-17 3.79138e-16 6.95283e-17          -1            1 -2.39189e-11  3.79138e-16 -2.39189e-11           -1 -6.95283e-17 3.79138e-16 6.95283e-17          -1  -2.2534e-16 -3.79138e-16 -2.02123e-16      -1.5708  6.95283e-17       1.5708  2.39185e-11
  0.566494 -0.0119945     0.6521 0.5665 -0.012 0.6521            1 -2.94034e-05  3.79131e-16 -2.94034e-05           -1 -6.95328e-17 3.79133e-16 6.95217e-17          -1            1 -1.93743e-11  3.12275e-16 -1.93743e-11           -1 -5.66026e-17 3.12275e-16 5.66026e-17          -1 -1.83924e-16 -3.12275e-16  -1.6445e-16      -1.5708  5.66026e-17       1.5708   1.9374e-11
  0.566476 -0.0119782     0.6521 0.5665 -0.012 0.6521            1 -0.000117417  3.79111e-16 -0.000117417           -1 -6.95465e-17 3.79119e-16 6.95019e-17          -1            1 -2.02378e-11  3.69814e-16 -2.02378e-11           -1 -5.85474e-17 3.69814e-16 5.85474e-17          -1 -1.93634e-16 -3.69814e-16 -1.73161e-16      -1.5708  5.85474e-17       1.5708  2.02374e-11
 0.566447 -0.011951    0.6521   0.566498 -0.0119979     0.6521            1 -0.000263747  3.79078e-16 -0.000263747           -1 -6.95691e-17 3.79097e-16 6.94691e-17          -1            1 -1.11635e-05  7.05768e-08 -1.11635e-05           -1  1.77438e-10  7.05768e-08 -1.78226e-10           -1  1.99235e-06 -7.10392e-06  1.99241e-06     -1.57081 -1.64354e-10       1.5708  1.51483e-05
 0.566406 -0.011913  0.652099   0.566494 -0.0119942     0.6521            1 -0.000468097  3.79032e-16 -0.000468097           -1 -6.96007e-17 3.79065e-16 6.94233e-17          -1            1 -3.13149e-05  1.58252e-08 -3.13149e-05           -1  7.15366e-11  1.58252e-08 -7.20322e-11           -1  5.58782e-06 -1.99238e-05  5.58782e-06     -1.57082  3.91214e-11       1.5708  4.24905e-05
  0.566353 -0.0118643   0.652099   0.566488 -0.0119887     0.6521            1 -0.000730175  3.78974e-16 -0.000730175           -1 -6.96413e-17 3.79024e-16 6.93645e-17          -1            1 -6.08106e-05  6.53781e-08 -6.08106e-05           -1  1.49623e-10  6.53781e-08 -1.53598e-10           -1  1.08507e-05 -3.86892e-05  1.08509e-05     -1.57084  2.64797e-10       1.5708  8.25122e-05
  0.566289 -0.0118049   0.652099    0.56648 -0.0119815     0.6521    0.999999 -0.00104968 3.78902e-16  -0.00104968    -0.999999 -6.96906e-17 3.78975e-16 6.92929e-17          -1            1 -9.95269e-05  2.04964e-08 -9.95269e-05           -1  3.95353e-10  2.04964e-08 -3.97393e-10           -1  1.77586e-05 -6.33206e-05  1.77597e-05     -1.57087  7.26436e-10      1.57081  0.000135045
  0.566213 -0.0117349   0.652098    0.56647 -0.0119726     0.6521    0.999999 -0.00142633 3.78817e-16  -0.00142633    -0.999999 -6.97489e-17 3.78916e-16 6.92085e-17          -1            1 -0.000147431  9.86912e-08 -0.000147431           -1  8.68726e-10  9.86911e-08 -8.83276e-10           -1  2.63056e-05 -9.37972e-05  2.63088e-05     -1.57091  1.57922e-09      1.57082  0.000200046
  0.566125 -0.0116543   0.652097  0.566459 -0.011962    0.6521    0.999998 -0.00185982  3.7872e-16  -0.00185982    -0.999998 -6.98158e-17 3.78849e-16 6.91113e-17          -1            1 -0.000204474  2.92788e-08 -0.000204474           -1  1.65256e-09  2.92785e-08 -1.65855e-09           -1  3.64823e-05 -0.000130087  3.64896e-05     -1.57096  3.08613e-09      1.57083  0.000277446
  0.566027 -0.0115632   0.652097   0.566445 -0.0119497     0.6521    0.999997 -0.00234986  3.7861e-16  -0.00234986    -0.999997 -6.98914e-17 3.78773e-16 6.90016e-17          -1            1 -0.000270609  2.03735e-08 -0.000270609           -1  2.76836e-09  2.03727e-08 -2.77387e-09           -1    4.828e-05 -0.000172159  4.82945e-05     -1.57101  5.53847e-09      1.57083  0.000367184
  0.565916 -0.0114616   0.652096    0.56643 -0.0119357     0.6521    0.999996 -0.00289615 3.78487e-16  -0.00289615    -0.999996 -6.99757e-17 3.78688e-16 6.88792e-17          -1            1 -0.000345789  4.12417e-08 -0.000345789           -1  4.24186e-09  4.12402e-08 -4.25612e-09           -1  6.16898e-05 -0.000219982  6.17155e-05     -1.57106  9.31511e-09      1.57084  0.000469194
  0.565795 -0.0113497   0.652095   0.566413 -0.0119201   0.652099    0.999994  -0.0034984 3.78352e-16   -0.0034984    -0.999994 -7.00685e-17 3.78595e-16 6.87444e-17          -1            1 -0.000429966  6.10044e-08 -0.000429966           -1  6.13784e-09  6.10018e-08 -6.16407e-09           -1  7.67028e-05 -0.000273527   7.6745e-05     -1.57113  1.48184e-08      1.57086  0.000583414
  0.565663 -0.0112274   0.652094   0.566395 -0.0119028   0.652099    0.999991 -0.00415632 3.78204e-16  -0.00415632    -0.999991 -7.01698e-17 3.78492e-16 6.85972e-17          -1            1 -0.000523094  4.86953e-08 -0.000523094           -1  8.52515e-09  4.86909e-08 -8.55062e-09           -1  9.33098e-05 -0.000332762  9.33753e-05      -1.5712   2.2512e-08      1.57087  0.000709779
  0.565519 -0.0110948   0.652093   0.566374 -0.0118838   0.652099    0.999988  -0.0048696 3.78043e-16   -0.0048696    -0.999988 -7.02795e-17 3.78381e-16 6.84377e-17          -1            1 -0.000625126  9.24992e-08 -0.000625126           -1  1.13869e-08  9.24921e-08 -1.14447e-08           -1  0.000111502 -0.000397655  0.000111599     -1.57128  3.29126e-08      1.57088  0.000848227
  0.565364 -0.0109519   0.652092   0.566352 -0.0118632   0.652099    0.999984 -0.00563795  3.7787e-16  -0.00563795    -0.999984 -7.03975e-17 3.78261e-16  6.8266e-17          -1            1 -0.000736014  4.19495e-08 -0.000736014           -1  1.48884e-08  4.19385e-08 -1.49193e-08           -1   0.00013127 -0.000468177  0.000131409     -1.57137  4.65921e-08       1.5709  0.000998693
  0.565198 -0.0107989   0.652091   0.566328 -0.0118409   0.652099    0.999979 -0.00646108 3.77685e-16  -0.00646108    -0.999979 -7.05238e-17 3.78133e-16 6.80821e-17          -1            1 -0.000855713  1.04207e-07 -0.000855713           -1  1.88886e-08  1.04191e-07 -1.89777e-08           -1  0.000152604 -0.000544295  0.000152797     -1.57146  6.41569e-08      1.57092   0.00116111
  0.565021 -0.0106358    0.65209   0.566302 -0.0118171   0.652099    0.999973 -0.00733869 3.77487e-16  -0.00733869    -0.999973 -7.06583e-17 3.77995e-16 6.78861e-17          -1            1 -0.000984173  9.50986e-09 -0.000984173           -1   2.3714e-08  9.48651e-09 -2.37234e-08           -1  0.000175495 -0.000625977  0.000175756     -1.57156  8.62926e-08      1.57093   0.00133542
  0.564834 -0.0104626   0.652089   0.566274 -0.0117916   0.652098    0.999966 -0.00827049 3.77277e-16  -0.00827049    -0.999966 -7.08009e-17  3.7785e-16 6.76782e-17          -1    0.999999 -0.00112135  8.3849e-08 -0.00112135   -0.999999 2.90245e-08  8.38164e-08 -2.91185e-08           -1  0.000199935 -0.000713194  0.000200279     -1.57167  1.13686e-07      1.57095   0.00152156
  0.564635 -0.0102793   0.652088   0.566245 -0.0117645   0.652098    0.999957 -0.00925618 3.77054e-16  -0.00925618    -0.999957 -7.09516e-17 3.77695e-16 6.74584e-17          -1    0.999999 -0.00126719 5.72581e-08 -0.00126719   -0.999999 3.51892e-08  5.72134e-08 -3.52617e-08           -1  0.000225912 -0.000805912   0.00022636     -1.57178  1.47138e-07      1.57097   0.00171947
  0.564426 -0.0100861   0.652086   0.566214 -0.0117357   0.652098   0.999947 -0.0102955 3.7682e-16   -0.0102955    -0.999947 -7.11102e-17 3.77532e-16 6.72269e-17          -1    0.999999 -0.00142166 1.72817e-08 -0.00142166   -0.999999 4.21886e-08  1.72217e-08 -4.22131e-08           -1 0.000253419  -0.0009041  0.00025399     -1.5719  1.8741e-07       1.571  0.00192907
 0.564205 -0.009883  0.652085   0.566181 -0.0117054   0.652098    0.999935   -0.011388 3.76573e-16    -0.011388    -0.999935 -7.12766e-17  3.7736e-16 6.69836e-17          -1    0.999999  -0.0015847 5.12897e-08  -0.0015847   -0.999999 4.98533e-08  5.12106e-08 -4.99345e-08           -1 0.000282444 -0.00100773 0.000283163    -1.57203 2.35387e-07     1.57102  0.00215031
   0.563975 -0.00967003    0.652083   0.566146 -0.0116735   0.652098    0.999921  -0.0125336 3.76314e-16   -0.0125336    -0.999921 -7.14509e-17  3.7718e-16 6.67287e-17          -1    0.999998 -0.00175627  1.2721e-07 -0.00175627   -0.999998 5.82506e-08  1.27107e-07 -5.84739e-08           -1 0.000312979 -0.00111676 0.000313872    -1.57216 2.91966e-07     1.57104  0.00238312
   0.563733 -0.00944726    0.652082    0.56611 -0.0116401   0.652097    0.999906  -0.0137319 3.76042e-16   -0.0137319    -0.999906 -7.16329e-17 3.76991e-16 6.64624e-17          -1     0.999998  -0.00193632 -2.50406e-08 -0.00193632   -0.999998 6.81185e-08 -2.51724e-08 -6.80699e-08           -1 0.000345014 -0.00123117  0.00034611     -1.5723 3.58067e-07     1.57107  0.00262744
   0.563481 -0.00921475     0.65208  0.566072 -0.011605  0.652097    0.999888  -0.0149825 3.75759e-16   -0.0149825    -0.999888 -7.18225e-17 3.76793e-16 6.61846e-17          -1   0.999998 -0.0021248 3.8895e-08  -0.0021248   -0.999998 7.83974e-08  3.87284e-08 -7.84798e-08           -1 0.000378539 -0.00135092 0.000379871    -1.57244 4.34665e-07     1.57109  0.00288321
   0.563219 -0.00897254    0.652078   0.566032 -0.0115684   0.652097    0.999867  -0.0162853 3.75464e-16   -0.0162853    -0.999867 -7.20196e-17 3.76587e-16 6.58955e-17          -1    0.999997 -0.00232167 4.88174e-08 -0.00232167   -0.999997 8.97369e-08 4.86089e-08  -8.985e-08          -1 0.000413545 -0.00147598 0.000415147     -1.5726 5.22858e-07     1.57112  0.00315036
  0.562946 -0.0087207   0.652076   0.565991 -0.0115303   0.652097    0.999844  -0.0176399 3.75156e-16   -0.0176399    -0.999844 -7.22241e-17 3.76372e-16 6.55952e-17          -1     0.999997  -0.00252688 -2.79856e-08 -0.00252688   -0.999997 1.02411e-07 -2.82443e-08 -1.02339e-07           -1  0.00045002 -0.00160632 0.000451933    -1.57276 6.23633e-07     1.57115  0.00342883
   0.562662 -0.00845928    0.652075   0.565948 -0.0114906   0.652096    0.999819  -0.0190459 3.74837e-16  -0.0190459   -0.999819 -7.2436e-17 3.76148e-16 6.52837e-17          -1    0.999996 -0.00274038 1.34098e-07 -0.00274038   -0.999996 1.15287e-07  1.33782e-07 -1.15654e-07           -1 0.000487956  -0.0017419 0.000490221    -1.57292 7.38131e-07     1.57118  0.00371856
   0.562369 -0.00818833    0.652073   0.565903 -0.0114494   0.652096     0.99979  -0.0205032 3.74505e-16   -0.0205032     -0.99979 -7.26551e-17 3.75916e-16 6.49613e-17          -1    0.999996 -0.00296212 2.56377e-08 -0.00296212   -0.999996 1.30214e-07 2.52519e-08 -1.3029e-07          -1 0.000527342  -0.0018827 0.000530005    -1.57309 8.67523e-07     1.57121  0.00401947
   0.562065 -0.00790791    0.652071   0.565857 -0.0114067   0.652096    0.999758  -0.0220114 3.74162e-16   -0.0220114    -0.999758 -7.28814e-17 3.75676e-16 6.46279e-17          -1     0.999995  -0.00319207 -2.83364e-08 -0.00319207   -0.999995 1.46157e-07 -2.88028e-08 -1.46066e-07           -1 0.000568169 -0.00202868 0.000571279    -1.57327 1.01291e-06     1.57124  0.00433152
    0.56175 -0.00761807    0.652068   0.565809 -0.0113624   0.652095    0.999722  -0.0235701 3.73807e-16   -0.0235701    -0.999722 -7.31147e-17 3.75426e-16 6.42837e-17          -1    0.999994 -0.00343016 5.90198e-08 -0.00343016   -0.999994 1.62584e-07  5.84618e-08 -1.62785e-07           -1 0.000610426  -0.0021798 0.000614036    -1.57345 1.17562e-06     1.57127  0.00465463
   0.561426 -0.00731888    0.652066   0.565759 -0.0113166   0.652095   0.999683 -0.0251792 3.7344e-16  -0.0251792   -0.999683 -7.3355e-17 3.75169e-16 6.39288e-17          -1    0.999993 -0.00367636 1.62284e-08 -0.00367636   -0.999993 1.80781e-07 1.55637e-08 -1.8084e-07          -1 0.000654103 -0.00233604  0.00065827    -1.57365 1.35688e-06     1.57131  0.00498874
   0.561092 -0.00701037    0.652064   0.565708 -0.0112694   0.652095     0.99964  -0.0268382 3.73061e-16   -0.0268382     -0.99964 -7.36021e-17 3.74902e-16 6.35633e-17          -1    0.999992 -0.00393062 4.93424e-08 -0.00393062   -0.999992 1.99866e-07  4.85564e-08 -2.00058e-07           -1  0.00069919 -0.00249736 0.000703975    -1.57384 1.55795e-06     1.57134  0.00533379
   0.560747 -0.00669261    0.652062   0.565655 -0.0112206   0.652094   0.999592 -0.0285469 3.7267e-16  -0.0285469   -0.999592 -7.3856e-17 3.74627e-16 6.31874e-17          -1    0.999991 -0.00419288  6.0917e-09 -0.00419288   -0.999991 2.20597e-07  5.16671e-09 -2.20621e-07           -1 0.000745676 -0.00266374 0.000751144    -1.57404 1.78022e-06     1.57138  0.00568971
   0.560393 -0.00636565    0.652059   0.565601 -0.0111704   0.652094    0.999541   -0.030305 3.72268e-16    -0.030305    -0.999541 -7.41166e-17 3.74343e-16  6.2801e-17          -1      0.99999  -0.00446311 -2.71447e-08 -0.00446311    -0.99999 2.42608e-07 -2.82272e-08 -2.42485e-07           -1 0.000793552 -0.00283513 0.000799772    -1.57425 2.02501e-06     1.57142  0.00605645
   0.560029 -0.00602955    0.652057   0.565545 -0.0111187   0.652093    0.999484  -0.0321122 3.71854e-16   -0.0321122    -0.999484 -7.43837e-17 3.74051e-16 6.24043e-17          -1    0.999989 -0.00474126 3.57777e-08 -0.00474126   -0.999989 2.65328e-07  3.45194e-08 -2.65495e-07           -1 0.000842807  -0.0030115 0.000849852    -1.57447 2.29377e-06     1.57146  0.00643393
   0.559654 -0.00568436    0.652055   0.565487 -0.0110655   0.652093    0.999423  -0.0339681 3.71428e-16   -0.0339681    -0.999423 -7.46572e-17  3.7375e-16 6.19975e-17          -1    0.999987 -0.00502727   4.259e-08 -0.00502727   -0.999987 2.89727e-07  4.11329e-08 -2.89937e-07           -1  0.00089343 -0.00319282 0.000901378    -1.57469 2.58793e-06      1.5715  0.00682209
   0.559271 -0.00533014    0.652052   0.565428 -0.0110109   0.652093    0.999356  -0.0358724 3.70991e-16   -0.0358724    -0.999356 -7.49371e-17  3.7344e-16 6.15805e-17          -1     0.999986   -0.0053211 -3.95364e-08  -0.0053211   -0.999986 3.16179e-07 -4.12183e-08 -3.15964e-07           -1 0.000945412 -0.00337907 0.000954345    -1.57492  2.9089e-06     1.57154  0.00722088
   0.558877 -0.00496693    0.652049   0.565367 -0.0109549   0.652092    0.999284  -0.0378249 3.70541e-16   -0.0378249    -0.999284 -7.52232e-17 3.73121e-16 6.11537e-17          -1    0.999984 -0.00562271 -5.9498e-09 -0.00562271   -0.999984  3.4323e-07 -7.87959e-09 -3.43191e-07           -1 0.000998741 -0.00357019  0.00100875    -1.57515 3.25823e-06     1.57158  0.00763022
   0.558473 -0.00459481    0.652047   0.565305 -0.0108974   0.652092    0.999207  -0.0398253 3.70081e-16   -0.0398253    -0.999207 -7.55154e-17 3.72794e-16  6.0717e-17          -1     0.999982  -0.00593205 -8.45343e-09 -0.00593205   -0.999982  3.7195e-07 -1.06597e-08 -3.71893e-07           -1  0.00105341 -0.00376617  0.00106458    -1.57539 3.63749e-06     1.57162  0.00805006
   0.558061 -0.00421381    0.652044   0.565241 -0.0108384   0.652091    0.999123  -0.0418731 3.69608e-16   -0.0418731    -0.999123 -7.58137e-17 3.72459e-16 6.02705e-17          -1     0.99998 -0.00624907 3.86307e-08 -0.00624907    -0.99998 4.01751e-07  3.61194e-08 -4.01985e-07           -1   0.0011094 -0.00396697  0.00112183    -1.57563 4.04817e-06     1.57166  0.00848032
 0.557638 -0.003824  0.652041   0.565175 -0.0107781   0.652091    0.999033  -0.0439681 3.69124e-16   -0.0439681    -0.999033 -7.61178e-17 3.72114e-16 5.98145e-17          -1     0.999978  -0.00657372 -1.71978e-08 -0.00657372   -0.999978 4.33927e-07 -2.00499e-08 -4.33804e-07           -1  0.00116671 -0.00417255   0.0011805    -1.57588  4.4919e-06     1.57171  0.00892096
   0.557206 -0.00342543    0.652038   0.565108 -0.0107163    0.65209    0.998936    -0.04611 3.68629e-16     -0.04611    -0.998936 -7.64277e-17 3.71761e-16 5.93489e-17          -1     0.999976  -0.00690595 -9.07271e-08 -0.00690595   -0.999976 4.67875e-07  -9.3956e-08 -4.67237e-07           -1  0.00122532 -0.00438288  0.00124058    -1.57614 4.97027e-06     1.57175  0.00937189
   0.556765 -0.00301815    0.652035    0.56504 -0.0106532    0.65209    0.998833  -0.0482985 3.68122e-16   -0.0482985    -0.998833 -7.67433e-17 3.71399e-16  5.8874e-17          -1    0.999974 -0.00724573 2.38529e-08 -0.00724573   -0.999974 5.01567e-07  2.02181e-08 -5.01726e-07           -1  0.00128523 -0.00459793  0.00130206     -1.5764 5.48498e-06      1.5718  0.00983307
   0.556314 -0.00260223    0.652032    0.56497 -0.0105886    0.65209    0.998722  -0.0505332 3.67603e-16   -0.0505332    -0.998722 -7.70644e-17 3.71028e-16 5.83898e-17          -1    0.999971   -0.007593 5.41398e-08  -0.007593  -0.999971 5.3757e-07  5.00564e-08 -5.37965e-07           -1  0.00134643 -0.00481766  0.00136495    -1.57667 6.03772e-06     1.57185   0.0103044
  0.555854 -0.0021777   0.652029   0.564898 -0.0105227   0.652089    0.998604  -0.0528139 3.67074e-16  -0.0528139   -0.998604 -7.7391e-17 3.70649e-16 5.78964e-17          -1     0.999968  -0.00794771 -3.29269e-08 -0.00794771   -0.999968 5.76492e-07 -3.75076e-08 -5.76213e-07           -1  0.00140889 -0.00504204  0.00142922    -1.57694 6.63008e-06      1.5719   0.0107859
   0.555384 -0.00174464    0.652026   0.564825 -0.0104554   0.652089    0.998479  -0.0551401 3.66532e-16   -0.0551401    -0.998479 -7.77229e-17  3.7026e-16 5.73941e-17          -1     0.999965  -0.00830982 -3.34019e-08 -0.00830982   -0.999965 6.16166e-07  -3.8521e-08 -6.15867e-07           -1  0.00147262 -0.00527104  0.00149489    -1.57722 7.26385e-06     1.57195   0.0112774
   0.554906 -0.00130309    0.652023   0.564751 -0.0103867   0.652088   0.998345 -0.0575116 3.6598e-16 -0.0575116  -0.998345 -7.806e-17 3.69863e-16 5.68828e-17          -1    0.999962 -0.00867928 2.01153e-08 -0.00867928   -0.999962 6.56814e-07  1.44139e-08 -6.56964e-07           -1  0.00153761 -0.00550463  0.00156194     -1.5775 7.94086e-06       1.572   0.0117789
   0.554418 -0.00085311     0.65202   0.564675 -0.0103167   0.652088    0.998203  -0.0599281 3.65415e-16   -0.0599281    -0.998203 -7.84022e-17 3.69457e-16 5.63627e-17          -1    0.999959 -0.00905605 9.26992e-08 -0.00905605   -0.999959 6.98869e-07 8.63664e-08 -6.9968e-07          -1  0.00160383 -0.00574276  0.00163037    -1.57779 8.66282e-06     1.57205   0.0122903
    0.553921 -0.000394752     0.652017   0.564598 -0.0102453   0.652087   0.998052 -0.0623892 3.6484e-16   -0.0623892    -0.998052 -7.87494e-17 3.69042e-16 5.58339e-17          -1    0.999955 -0.00944007 3.25526e-08 -0.00944007   -0.999955 7.44292e-07   2.5525e-08 -7.44566e-07           -1  0.00167128 -0.00598541  0.00170017    -1.57809  9.4315e-06      1.5721   0.0128116
   0.553415 7.19279e-05    0.652013   0.564519 -0.0101726   0.652086    0.997892  -0.0648946 3.64253e-16   -0.0648946    -0.997892 -7.91014e-17 3.68619e-16 5.52966e-17          -1    0.999952  -0.0098313 4.36158e-08 -0.0098313  -0.999952  7.906e-07  3.58411e-08 -7.90991e-07           -1  0.00173995 -0.00623254  0.00177133    -1.57839 1.02487e-05     1.57215   0.0133427
     0.5529 0.000546875     0.65201   0.564438 -0.0100986   0.652086    0.997723  -0.0674439 3.63655e-16   -0.0674439    -0.997723 -7.94581e-17 3.68186e-16 5.47509e-17          -1     0.999948   -0.0102297 -2.68405e-08  -0.0102297   -0.999948 8.39741e-07 -3.54293e-08 -8.39422e-07           -1  0.00180983 -0.00648412  0.00184386    -1.57869 1.11165e-05     1.57221   0.0138835
  0.552377 0.00103003   0.652006   0.564357 -0.0100232   0.652085    0.997544  -0.0700369 3.63046e-16   -0.0700369    -0.997544 -7.98194e-17 3.67745e-16 5.41968e-17          -1    0.999943  -0.0106352 2.55858e-08  -0.0106352   -0.999943 8.88979e-07  1.61298e-08 -8.89201e-07           -1  0.00188091 -0.00674012  0.00191774      -1.579 1.20365e-05     1.57226    0.014434
  0.551844 0.00152135   0.652003    0.564273 -0.00994649    0.652085    0.997356  -0.0726732 3.62425e-16   -0.0726732    -0.997356 -8.01852e-17 3.67294e-16 5.36346e-17          -1   0.999939 -0.0110478   4.77e-08  -0.0110478   -0.999939 9.40364e-07  3.73081e-08 -9.40833e-07           -1  0.00195317 -0.00700049  0.00199297    -1.57932 1.30107e-05     1.57232   0.0149941
  0.551303 0.00202077   0.651999   0.564189 -0.0098685   0.652084    0.997157  -0.0753524 3.61793e-16   -0.0753524    -0.997157 -8.05554e-17 3.66835e-16 5.30644e-17          -1    0.999934  -0.0114674 5.97524e-09  -0.0114674   -0.999934 9.94585e-07 -5.43043e-09 -9.94589e-07           -1  0.00202661 -0.00726522  0.00206955    -1.57964 1.40411e-05     1.57238   0.0155637
  0.550753 0.00252824   0.651996    0.564103 -0.00978922    0.652084   0.996948 -0.0780743 3.6115e-16   -0.0780743    -0.996948 -8.09298e-17 3.66366e-16 5.24862e-17          -1    0.999929  -0.0118939 1.04805e-07  -0.0118939   -0.999929 1.04844e-06   9.2328e-08 -1.04961e-06           -1  0.00210122 -0.00753425  0.00214747    -1.57997 1.51294e-05     1.57243   0.0161428
 0.550194 0.0030437  0.651992    0.564016 -0.00970864    0.652083    0.996727  -0.0808384 3.60496e-16   -0.0808384    -0.996727 -8.13082e-17 3.65889e-16 5.19002e-17          -1    0.999924  -0.0123274 7.13401e-08  -0.0123274   -0.999924 1.10621e-06  5.76979e-08 -1.10701e-06           -1  0.00217697 -0.00780757  0.00222672     -1.5803 1.62778e-05     1.57249   0.0167313
 0.549627 0.0035671  0.651988    0.563927 -0.00962679    0.652082    0.996496  -0.0836445 3.59831e-16   -0.0836445    -0.996496 -8.16907e-17 3.65403e-16 5.13066e-17          -1     0.999918   -0.0127678 -8.75307e-09 -0.0127678  -0.999918 1.1668e-06 -2.36498e-08 -1.16659e-06           -1  0.00225387 -0.00808512   0.0023073    -1.58064 1.74881e-05     1.57255   0.0173292
  0.549051 0.00409839   0.651984    0.563837 -0.00954366    0.652082    0.996253  -0.0864921 3.59154e-16  -0.0864921   -0.996253 -8.2077e-17 3.64907e-16 5.07054e-17          -1    0.999913   -0.013215 6.89108e-08   -0.013215   -0.999913 1.22651e-06  5.26964e-08 -1.22731e-06           -1  0.00233191 -0.00836689   0.0023892    -1.58098 1.87624e-05     1.57261   0.0179364
 0.548467 0.0046375   0.65198    0.563745 -0.00945927    0.652081    0.995998   -0.089381 3.58467e-16   -0.089381   -0.995998 -8.2467e-17 3.64403e-16 5.00968e-17          -1    0.999907   -0.013669 3.19534e-08   -0.013669   -0.999907 1.29013e-06  1.43157e-08 -1.29044e-06           -1  0.00241106 -0.00865284  0.00247242    -1.58133 2.01027e-05     1.57267   0.0185528
  0.547874 0.00518439   0.651976    0.563652 -0.00937364     0.65208     0.99573  -0.0923108 3.57768e-16   -0.0923108     -0.99573 -8.28606e-17  3.6389e-16 4.94809e-17          -1      0.9999  -0.0141297 8.33635e-08  -0.0141297     -0.9999 1.35409e-06  6.42222e-08 -1.35513e-06           -1  0.00249132 -0.00894293  0.00255696    -1.58168 2.15109e-05     1.57274   0.0191783
0.547273 0.005739 0.651972    0.563558 -0.00928675     0.65208     0.99545  -0.0952811 3.57059e-16   -0.0952811     -0.99545 -8.32576e-17 3.63367e-16 4.88579e-17          -1    0.999893  -0.0145971 7.22827e-08  -0.0145971   -0.999893 1.42115e-06  5.15302e-08 -1.42206e-06           -1  0.00257268 -0.00923713   0.0026428    -1.58204 2.29892e-05      1.5728    0.019813
  0.546663 0.00630127   0.651968    0.563462 -0.00919864    0.652079    0.995158  -0.0982916 3.56338e-16  -0.0982916   -0.995158 -8.3658e-17 3.62835e-16 4.82278e-17          -1    0.999886  -0.0150712 8.15759e-08  -0.0150712   -0.999886 1.48982e-06  5.91132e-08 -1.49088e-06           -1  0.00265513  -0.0095354  0.00272994     -1.5824 2.45395e-05     1.57286   0.0204567
  0.546045 0.00687116   0.651964    0.563366 -0.00910929    0.652078    0.994852   -0.101342 3.55606e-16    -0.101342    -0.994852 -8.40615e-17 3.62294e-16 4.75909e-17          -1    0.999879  -0.0155518 7.86425e-08  -0.0155518   -0.999879 1.56071e-06   5.4361e-08 -1.56175e-06           -1  0.00273865 -0.00983771  0.00281839    -1.58276  2.6164e-05     1.57293   0.0211093
  0.54542 0.0074486   0.65196    0.563267 -0.00901873    0.652078    0.994532   -0.104432 3.54864e-16    -0.104432    -0.994532 -8.44682e-17 3.61744e-16 4.69473e-17          -1    0.999871   -0.016039 1.47272e-07   -0.016039   -0.999871 1.63206e-06  1.21076e-07 -1.63421e-06           -1  0.00282324   -0.010144  0.00290812    -1.58314 2.78647e-05     1.57299   0.0217709
  0.544786 0.00803354   0.651956    0.563168 -0.00892696    0.652077   0.994199  -0.107561 3.5411e-16    -0.107561    -0.994199 -8.48777e-17 3.61185e-16  4.6297e-17          -1    0.999863  -0.0165327 1.34752e-07  -0.0165327   -0.999863 1.70715e-06   1.0651e-07 -1.70915e-06           -1  0.00290888  -0.0104543  0.00299914    -1.58351 2.96437e-05     1.57306   0.0224413
  0.544143 0.00862592   0.651952    0.563067 -0.00883399    0.652076    0.993851   -0.110728 3.53346e-16    -0.110728    -0.993851 -8.52901e-17 3.60617e-16 4.56402e-17          -1    0.999855  -0.0170329 1.26735e-07  -0.0170329   -0.999855 1.78425e-06  9.63256e-08 -1.78615e-06           -1  0.00299556  -0.0107686  0.00309145    -1.58389 3.15031e-05     1.57312   0.0231205
 0.543493 0.0092257  0.651947    0.562965 -0.00873983    0.652076   0.993488  -0.113934 3.5257e-16    -0.113934    -0.993488 -8.57051e-17 3.60039e-16 4.49771e-17          -1    0.999846  -0.0175395 8.78262e-08  -0.0175395   -0.999846 1.86412e-06   5.5117e-08 -1.86537e-06           -1 0.00308328 -0.0110867 0.00318503   -1.58428 3.3445e-05    1.57319  0.0238084
  0.542835 0.00983281   0.651943    0.562861 -0.00864449    0.652075    0.993111   -0.117178 3.51784e-16    -0.117178    -0.993111 -8.61226e-17 3.59452e-16 4.43078e-17          -1    0.999837  -0.0180524 1.04602e-07  -0.0180524   -0.999837 1.94474e-06  6.94782e-08 -1.94631e-06           -1  0.00317201  -0.0114087  0.00327988    -1.58467 3.54716e-05     1.57326    0.024505
 0.542169 0.0104472  0.651939    0.562757 -0.00854797    0.652074    0.992718    -0.12046 3.50987e-16     -0.12046    -0.992718 -8.65425e-17 3.58856e-16 4.36324e-17          -1    0.999828  -0.0185716 2.15652e-08 -0.0185716  -0.999828 2.0299e-06  -1.6137e-08 -2.02995e-06           -1  0.00326176  -0.0117345    0.003376    -1.58506 3.75851e-05     1.57333   0.0252101
 0.541496 0.0110688  0.651934    0.562651 -0.00845028    0.652073     0.99231   -0.123779 3.50179e-16    -0.123779     -0.99231 -8.69647e-17 3.58251e-16  4.2951e-17          -1    0.999818  -0.0190971 4.44604e-08  -0.0190971   -0.999818 2.11454e-06 4.0708e-09 -2.115e-06         -1   0.0033525  -0.0120642  0.00347338    -1.58546 3.97875e-05      1.5734   0.0259238
 0.540814 0.0116976   0.65193    0.562544 -0.00835144    0.652073    0.991885   -0.127135 3.49361e-16   -0.127135   -0.991885 -8.7389e-17 3.57636e-16 4.22639e-17          -1    0.999807  -0.0196288 1.38819e-07  -0.0196288   -0.999807 2.19926e-06  9.56229e-08 -2.20156e-06           -1 0.00344423 -0.0123976 0.00357202   -1.58586 4.2081e-05    1.57347  0.0266459
 0.540125 0.0123335  0.651925    0.562435 -0.00825146    0.652072    0.991445   -0.130527 3.48532e-16    -0.130527    -0.991445 -8.78153e-17 3.57012e-16 4.15711e-17          -1    0.999797  -0.0201667 1.51012e-07  -0.0201667   -0.999797 2.28824e-06  1.04835e-07 -2.29082e-06           -1  0.00353693  -0.0127347   0.0036719    -1.58627 4.44679e-05     1.57354   0.0273765
 0.539428 0.0129765   0.65192    0.562325 -0.00815033    0.652071    0.990987   -0.133956 3.47692e-16    -0.133956    -0.990987 -8.82434e-17 3.56379e-16 4.08728e-17          -1    0.999786  -0.0207107 4.65865e-08  -0.0207107   -0.999786 2.38269e-06 -2.77062e-09 -2.38314e-06           -1   0.0036306  -0.0130755  0.00377304    -1.58669 4.69501e-05     1.57361   0.0281154
 0.538723 0.0136265  0.651916    0.562215 -0.00804807     0.65207    0.990513    -0.13742 3.46841e-16     -0.13742    -0.990513 -8.86732e-17 3.55736e-16 4.01691e-17          -1    0.999774  -0.0212608 3.12667e-08  -0.0212608   -0.999774 2.47685e-06 -2.14002e-08 -2.47695e-06           -1 0.00372522   -0.01342 0.00387541    -1.5871  4.953e-05    1.57368  0.0288625
 0.538011 0.0142834  0.651911   0.562102 -0.0079447   0.652069   0.990021   -0.14092 3.4598e-16     -0.14092    -0.990021 -8.91047e-17 3.55084e-16 3.94602e-17          -1    0.999762  -0.0218169 6.87213e-08  -0.0218169   -0.999762 2.57152e-06  1.26023e-08 -2.57241e-06           -1  0.00382079  -0.0137682  0.00397902    -1.58752 5.22098e-05     1.57376   0.0296179
 0.537292 0.0149473  0.651906    0.561989 -0.00784021    0.652069    0.989512   -0.144454 3.45108e-16    -0.144454    -0.989512 -8.95375e-17 3.54422e-16 3.87462e-17          -1    0.99975  -0.022379 1.2542e-07   -0.022379    -0.99975 2.66771e-06  6.56875e-08 -2.66985e-06           -1  0.00391728  -0.0141199  0.00408387    -1.58795 5.49917e-05     1.57383   0.0303814
 0.536565 0.0156179  0.651901    0.561875 -0.00773461    0.652068    0.988984   -0.148023 3.44226e-16    -0.148023    -0.988984 -8.99717e-17 3.53752e-16 3.80272e-17          -1    0.999737   -0.022947 1.68762e-07   -0.022947   -0.999737 2.76642e-06  1.05236e-07 -2.76957e-06           -1  0.00401469  -0.0144752  0.00418993    -1.58838 5.78778e-05      1.5739    0.031153
  0.53583 0.0162954  0.651896    0.561759 -0.00762792    0.652067    0.988438   -0.151626 3.43333e-16   -0.151626   -0.988438 -9.0407e-17 3.53071e-16 3.73034e-17          -1    0.999723  -0.0235209 4.32779e-08  -0.0235209   -0.999723 2.87268e-06 -2.43022e-08 -2.87291e-06           -1  0.00411302   -0.014834  0.00429722    -1.58881 6.08702e-05     1.57398   0.0319327
 0.535089 0.0169796  0.651892    0.561642 -0.00752015    0.652066   0.987873  -0.155263 3.4243e-16    -0.155263    -0.987873 -9.08433e-17 3.52382e-16 3.65749e-17          -1     0.99971  -0.0241007 1.92033e-07  -0.0241007    -0.99971 2.97238e-06  1.20341e-07 -2.97614e-06           -1  0.00421224  -0.0151963  0.00440573    -1.58925 6.39713e-05     1.57405   0.0327202
  0.53434 0.0176705  0.651887    0.561524 -0.00741129    0.652065    0.987289   -0.158934 3.41516e-16    -0.158934    -0.987289 -9.12805e-17 3.51682e-16 3.58419e-17          -1    0.999695  -0.0246862 1.04901e-07  -0.0246862   -0.999695 3.08181e-06  2.87907e-08 -3.08346e-06           -1  0.00431234  -0.0155621  0.00451544    -1.58969 6.71834e-05     1.57413   0.0335157
0.533584 0.018368 0.651882    0.561405 -0.00730137    0.652064    0.986686   -0.162637 3.40592e-16    -0.162637    -0.986686 -9.17185e-17 3.50974e-16 3.51045e-17          -1     0.99968  -0.0252775 1.04867e-07  -0.0252775    -0.99968 3.19075e-06  2.41795e-08 -3.19238e-06           -1  0.00441332  -0.0159313  0.00462636    -1.59014 7.05085e-05     1.57421    0.034319
 0.532821 0.0190721  0.651877    0.561284 -0.00719039    0.652064    0.986063   -0.166373 3.39657e-16   -0.166373   -0.986063 -9.2157e-17 3.50256e-16 3.43628e-17          -1    0.999665  -0.0258745 1.58386e-07  -0.0258745   -0.999665 3.29991e-06 7.29497e-08 -3.3029e-06          -1  0.00451517  -0.0163039  0.00473848    -1.59059 7.39489e-05     1.57428   0.0351301
 0.532051 0.0197827  0.651871    0.561163 -0.00707835    0.652063     0.98542   -0.170141 3.38712e-16    -0.170141     -0.98542 -9.25961e-17 3.49528e-16 3.36171e-17          -1    0.999649  -0.0264771 1.09072e-07  -0.0264771   -0.999649 3.41489e-06  1.86178e-08 -3.41659e-06           -1  0.00461786  -0.0166798  0.00485179    -1.59104 7.75069e-05     1.57436   0.0359489
 0.531273 0.0204997  0.651866     0.56104 -0.00696527    0.652062    0.984756   -0.173941 3.37757e-16    -0.173941    -0.984756 -9.30354e-17 3.48791e-16 3.28674e-17          -1   0.999633 -0.0270853 1.6725e-07  -0.0270853   -0.999633 3.52828e-06  7.16238e-08 -3.53152e-06           -1   0.0047214  -0.0170591   0.0049663     -1.5915 8.11846e-05     1.57444   0.0367753
 0.530489 0.0212232  0.651861    0.560916 -0.00685116    0.652061    0.984072   -0.177772 3.36792e-16   -0.177772   -0.984072 -9.3475e-17 3.48044e-16 3.21139e-17          -1    0.999616  -0.0276991 1.72804e-07  -0.0276991   -0.999616 3.64571e-06 7.17552e-08 -3.6491e-06          -1  0.00482577  -0.0174417  0.00508199    -1.59196 8.49843e-05     1.57452   0.0376093
0.529698 0.021953 0.651856    0.560791 -0.00673603     0.65206    0.983366   -0.181634 3.35816e-16    -0.181634    -0.983366 -9.39146e-17 3.47288e-16 3.13567e-17          -1    0.999599  -0.0283183 2.16923e-07  -0.0283183   -0.999599 3.76396e-06  1.10247e-07 -3.76859e-06           -1  0.00493095  -0.0178275  0.00519886    -1.59243 8.89082e-05      1.5746   0.0384508
   0.5289 0.0226891  0.651851    0.560665 -0.00661987    0.652059   0.982639  -0.185527 3.3483e-16    -0.185527    -0.982639 -9.43541e-17 3.46523e-16 3.05961e-17          -1    0.999581  -0.0289431 1.41368e-07  -0.0289431   -0.999581 3.88904e-06  2.87482e-08 -3.89151e-06           -1  0.00503695  -0.0182165   0.0053169    -1.59289 9.29586e-05     1.57468   0.0392997
 0.528096 0.0234314  0.651845    0.560538 -0.00650271    0.652058    0.981891   -0.189449 3.33834e-16    -0.189449    -0.981891 -9.47933e-17 3.45747e-16  2.9832e-17          -1   0.999563 -0.0295732 2.7369e-07 -0.0295732  -0.999563 4.0082e-06  1.55035e-07 -4.01454e-06           -1  0.00514374  -0.0186087  0.00543611    -1.59337 9.71375e-05     1.57476   0.0401561
0.527284  0.02418  0.65184     0.56041 -0.00638455    0.652057     0.98112   -0.193402 3.32828e-16    -0.193402     -0.98112 -9.52323e-17 3.44963e-16 2.90647e-17          -1    0.999544  -0.0302087 2.19283e-07  -0.0302087   -0.999544 4.13695e-06  9.42108e-08 -4.14169e-06           -1  0.00525132  -0.0190041  0.00555648    -1.59384 0.000101447     1.57484   0.0410197
 0.526466 0.0249346  0.651834   0.560281 -0.0062654   0.652056    0.980326   -0.197383 3.31812e-16    -0.197383    -0.980326 -9.56706e-17 3.44168e-16 2.82943e-17          -1   0.999524 -0.0308496 1.8472e-07  -0.0308496   -0.999524 4.26735e-06  5.29861e-08 -4.27102e-06           -1 0.00535967 -0.0194026 0.00567802   -1.59432 0.00010589    1.57492  0.0418906
 0.525642 0.0256954  0.651829    0.560151 -0.00614527    0.652056     0.97951   -0.201393 3.30787e-16    -0.201393     -0.97951 -9.61084e-17 3.43364e-16  2.7521e-17          -1    0.999504  -0.0314957 2.53701e-07  -0.0314957   -0.999504 4.39554e-06  1.15135e-07 -4.40135e-06           -1  0.00546878  -0.0198042   0.0058007    -1.59481 0.000110469       1.575   0.0427688
 0.524811 0.0264621  0.651823    0.560019 -0.00602417    0.652055    0.978671   -0.205432 3.29751e-16    -0.205432    -0.978671 -9.65454e-17 3.42551e-16  2.6745e-17          -1    0.999483   -0.032147 2.73596e-07   -0.032147   -0.999483 4.52798e-06  1.27893e-07 -4.53443e-06           -1  0.00557865  -0.0202088  0.00592454    -1.59529 0.000115184     1.57509    0.043654
 0.523973 0.0272349  0.651818   0.559887 -0.0059021   0.652054    0.977809   -0.209498 3.28705e-16    -0.209498    -0.977809 -9.69814e-17 3.41728e-16 2.59662e-17          -1    0.999462  -0.0328035 2.10887e-07  -0.0328035   -0.999462 4.66639e-06 5.76992e-08 -4.6708e-06          -1 0.00568926 -0.0206164 0.00604952   -1.59579 0.00012004    1.57517  0.0445463
 0.523129 0.0280135  0.651812    0.559753 -0.00577907    0.652053    0.976923   -0.213592 3.27649e-16    -0.213592    -0.976923 -9.74164e-17 3.40896e-16  2.5185e-17          -1     0.99944  -0.0334651 2.70228e-07  -0.0334651    -0.99944 4.80164e-06 1.09389e-07  -4.808e-06          -1   0.0058006  -0.0210271  0.00617563    -1.59628 0.000125037     1.57525   0.0454456
0.522279 0.028798 0.651807   0.559619 -0.0056551   0.652052    0.976013   -0.217713 3.26584e-16    -0.217713    -0.976013 -9.78501e-17 3.40053e-16 2.44014e-17          -1    0.999417  -0.0341318 1.78051e-07  -0.0341318   -0.999417 4.94598e-06  9.13268e-09 -4.94918e-06           -1  0.00591266  -0.0214406  0.00630288    -1.59678 0.000130179     1.57534   0.0463519
 0.521422 0.0295883  0.651801    0.559483 -0.00553019    0.652051    0.975078    -0.22186 3.25509e-16     -0.22186    -0.975078 -9.82826e-17 3.39202e-16 2.36157e-17          -1    0.999394  -0.0348035 2.59948e-07  -0.0348035   -0.999394 5.08458e-06  8.28292e-08 -5.09054e-06           -1  0.00602543  -0.0218571  0.00643125    -1.59728 0.000135467     1.57542    0.047265
 0.520559 0.0303844  0.651795    0.559347 -0.00540436     0.65205    0.974119   -0.226034 3.24424e-16    -0.226034    -0.974119 -9.87135e-17 3.38341e-16 2.28279e-17          -1     0.99937  -0.0354802 2.42359e-07  -0.0354802    -0.99937 5.22998e-06  5.66461e-08 -5.23528e-06           -1  0.00613889  -0.0222765  0.00656074    -1.59778 0.000140903     1.57551    0.048185
  0.51969 0.0311861  0.651789   0.559209 -0.0052776   0.652049   0.973136  -0.230233 3.2333e-16    -0.230233    -0.973136 -9.91428e-17  3.3747e-16 2.20382e-17          -1    0.999346  -0.0361618 2.10851e-07  -0.0361618   -0.999346 5.37847e-06  1.62185e-08 -5.38257e-06           -1 0.00625304 -0.0226987 0.00669135   -1.59829 0.00014649    1.57559  0.0491117
 0.518815 0.0319935  0.651784    0.559071 -0.00514993    0.652048    0.972126   -0.234458 3.22226e-16    -0.234458    -0.972126 -9.95704e-17 3.36589e-16 2.12467e-17          -1    0.999321  -0.0368483 2.50954e-07  -0.0368483   -0.999321 5.52561e-06 4.71742e-08 -5.5311e-06          -1  0.00636787  -0.0231238  0.00682307     -1.5988 0.000152231     1.57568    0.050045
 0.517934 0.0328065  0.651778    0.558932 -0.00502136    0.652047    0.971092   -0.238707 3.21113e-16    -0.238707    -0.971092 -9.99961e-17   3.357e-16 2.04536e-17          -1    0.999295  -0.0375397 3.30998e-07 -0.0375397  -0.999295 5.6729e-06  1.17806e-07 -5.68132e-06           -1  0.00648336  -0.0235516   0.0069559    -1.59931 0.000158126     1.57576   0.0509851
0.517047 0.033625 0.651772    0.558791 -0.00489189    0.652046   0.970031   -0.24298 3.1999e-16    -0.24298   -0.970031 -1.0042e-16   3.348e-16 1.96591e-17          -1    0.999269  -0.0382358 2.94689e-07  -0.0382358   -0.999269 5.82836e-06   7.1621e-08 -5.83536e-06           -1   0.0065995  -0.0239822  0.00708982    -1.59983 0.000164178     1.57585   0.0519316
0.516154 0.034449 0.651766     0.55865 -0.00476154    0.652045    0.968945   -0.247277 3.18858e-16    -0.247277    -0.968945 -1.00841e-16 3.33891e-16 1.88633e-17          -1    0.999242  -0.0389367 3.50331e-07  -0.0389367   -0.999242 5.98138e-06   1.1717e-07 -5.99048e-06           -1  0.00671629  -0.0244154  0.00722484    -1.60035 0.000170389     1.57594   0.0528847
 0.515255 0.0352784   0.65176    0.558507 -0.00463031    0.652044    0.967832   -0.251598 3.17716e-16   -0.251598   -0.967832 -1.0126e-16 3.32973e-16 1.80663e-17          -1    0.999214  -0.0396423 3.41624e-07  -0.0396423   -0.999214 6.13993e-06  9.79544e-08 -6.14865e-06           -1  0.00683371  -0.0248514  0.00736095    -1.60088 0.000176762     1.57602   0.0538442
  0.51435 0.0361131  0.651754    0.558364 -0.00449821    0.652043    0.966692   -0.255942 3.16565e-16    -0.255942    -0.966692 -1.01677e-16 3.32045e-16 1.72683e-17          -1    0.999186  -0.0403526 2.38787e-07  -0.0403526   -0.999186 6.30599e-06 -1.58703e-08 -6.31049e-06           -1  0.00695175    -0.02529  0.00749814     -1.6014 0.000183299     1.57611     0.05481
 0.513439 0.0369532  0.651748     0.55822 -0.00436526    0.652042    0.965526   -0.260308 3.15405e-16    -0.260308    -0.965526 -1.02091e-16 3.31107e-16 1.64695e-17          -1    0.999156  -0.0410674 3.61662e-07  -0.0410674   -0.999156 6.46184e-06  9.59854e-08 -6.47125e-06           -1   0.0070704  -0.0257312  0.00763641    -1.60193 0.000190001      1.5762   0.0557822
 0.512523 0.0377985  0.651742    0.558075 -0.00423145    0.652041    0.964332   -0.264696 3.14236e-16    -0.264696    -0.964332 -1.02503e-16  3.3016e-16 1.56699e-17          -1    0.999127  -0.0417868 3.23357e-07  -0.0417868   -0.999127 6.62876e-06  4.60801e-08 -6.63648e-06           -1  0.00718965   -0.026175  0.00777574    -1.60246 0.000196872     1.57629   0.0567606
 0.511601 0.0386491  0.651736    0.557929 -0.00409681     0.65204    0.963111   -0.269105 3.13058e-16    -0.269105    -0.963111 -1.02912e-16 3.29203e-16 1.48698e-17          -1    0.999096  -0.0425107 3.26559e-07  -0.0425107   -0.999096 6.79574e-06  3.73725e-08 -6.80348e-06           -1  0.00730948  -0.0266214  0.00791615      -1.603 0.000203912     1.57638   0.0577452
