  0.566725 -0.0121086   0.651786   0.566725 -0.0121086   0.651786     0.999998   0.00187802 -0.000531653 0.00187808  -0.999998 0.00010345 -0.000531458 -0.000104448           -1     0.999998   0.00187802 -0.000531653 0.00187808  -0.999998 0.00010345 -0.000531458 -0.000104448           -1 -1.66893e-06  0.000631094 -0.000219822     -1.57071 -0.000104427      1.57081  -0.00209951
  0.566719 -0.0121031   0.651786   0.566723 -0.0121079   0.651788     0.999998   0.00184859 -0.000531644  0.00184864   -0.999998 0.000103456 -0.000531452 -0.000104439           -1     0.999998   0.00186896 -0.000529028  0.00186902   -0.999998 0.000102744 -0.000528835 -0.000103733           -1 -1.66893e-06  0.000627756  -0.00021863     -1.57071 -0.000103712      1.57081  -0.00208926
  0.566701 -0.0120867   0.651786   0.566722 -0.0121074    0.65179     0.999998   0.00176047 -0.000531616  0.00176052   -0.999998 0.000103475 -0.000531433 -0.000104411           -1     0.999998   0.00185967 -0.000526165  0.00185972   -0.999998 0.000102277 -0.000525974 -0.000103256           -1 -1.66893e-06  0.000624657 -0.000217438     -1.57071 -0.000103235      1.57081  -0.00207877
  0.566671 -0.0120595   0.651786   0.566707 -0.0120954   0.651791    0.999999  0.00161396 -0.00053157  0.00161402   -0.999999 0.000103507 -0.000531402 -0.000104364           -1     0.999998     0.001786 -0.000522103  0.00178605   -0.999998 0.000102557 -0.000521919 -0.000103489           -1  7.86781e-06  0.000576258 -0.000203848     -1.57077 -0.000103474      1.57082  -0.00198197
   0.56663 -0.0120215   0.651786   0.566672 -0.0120654    0.65179     0.999999   0.00140937 -0.000531505 0.00140942  -0.999999 0.00010355 -0.000531358 -0.000104299           -1     0.999999   0.00164414 -0.000521605  0.00164419   -0.999999 0.000102624 -0.000521436 -0.000103481           -1   3.3617e-05  0.000463009 -0.000172377     -1.57091 -0.000103474      1.57085  -0.00178289
  0.566577 -0.0119728   0.651786   0.566618 -0.0120167   0.651784     0.999999   0.00114698 -0.000531422  0.00114703   -0.999999 0.000103607 -0.000531302 -0.000104216           -1    0.999999   0.0014372 -0.00052968  0.00143725   -0.999999 0.000102485 -0.000529532 -0.000103246           -1  7.72476e-05  0.000289917 -0.000123739     -1.57113 -0.000103235      1.57089  -0.00148368
  0.566513 -0.0119133   0.651785   0.56655 -0.011952  0.651775           1 0.000827085 -0.00053132  0.00082714          -1 0.000103675 -0.000531234 -0.000104114           -1     0.999999   0.00116827 -0.000546328  0.00116832   -0.999999 0.000101451 -0.000546209 -0.000102089           -1  0.000136614  7.22408e-05 -6.07967e-05     -1.57142 -0.000102043      1.57094  -0.00109243
  0.566437 -0.0118433   0.651785   0.566472 -0.0118757   0.651766           1 0.000449987  -0.0005312 0.000450042          -1 0.000103756 -0.000531154 -0.000103995           -1     0.999999  0.000837107 -0.000567975 0.000837164          -1 0.000100503 -0.000567891 -0.000100979           -1  0.000207663 -0.000177145  1.28746e-05     -1.57174 -0.000100851      1.57099  -0.00061655
   0.56635 -0.0117627   0.651784   0.566384 -0.0117914    0.65176            1  1.59782e-05 -0.000531063 1.60334e-05          -1 0.000103848 -0.000531061 -0.000103857           -1            1  0.000443482 -0.000589854 0.000443541          -1 9.89491e-05  -0.00058981 -9.92107e-05           -1  0.000287056 -0.000452995  9.36985e-05     -1.57208 -9.89437e-05      1.57104 -6.27041e-05
  0.566251 -0.0116716   0.651784 0.566286  -0.0117  0.65176            1 -0.000474647 -0.000530907 -0.000474592           -1  0.000103953 -0.000530956 -0.000103701           -1            1 -1.26081e-05  -0.00060505 -1.25484e-05           -1  9.87103e-05 -0.000605052 -9.87027e-05           -1  0.000373363  -0.00075841  0.000182152     -1.57245 -9.82285e-05      1.57108  0.000568151
0.566141 -0.01157 0.651783   0.566176 -0.0115999   0.651766     0.999999  -0.00102159 -0.000530733 -0.00102154   -0.999999  0.00010407 -0.000530839 -0.000103528           -1            1 -0.000529495 -0.000612372 -0.000529435           -1   9.8364e-05 -0.000612424 -9.80397e-05           -1  0.000467539  -0.00109887  0.000279665     -1.57285 -9.72748e-05      1.57113   0.00127673
 0.566019 -0.011458  0.651782   0.566053 -0.0114897   0.651775     0.999999  -0.00162457 -0.000530542 -0.00162451   -0.999999 0.000104198  -0.00053071 -0.000103336           -1     0.999999  -0.00110694 -0.000610149 -0.00110688   -0.999999 9.86312e-05 -0.000610258 -9.79558e-05           -1  0.000571251  -0.00147963  0.000387192     -1.57328 -9.67979e-05      1.57119   0.00206542
  0.565887 -0.0113356   0.651782   0.565918 -0.0113683   0.651783     0.999997  -0.00228327 -0.000530332 -0.00228321   -0.999997 0.000104339 -0.000530569 -0.000103128           -1     0.999998  -0.00174351 -0.000601242 -0.00174345   -0.999998 9.90474e-05 -0.000601414  -9.7999e-05           -1   0.00068593  -0.00190187  0.000505447     -1.57378 -9.63211e-05      1.57127   0.00293493
 0.565743 -0.011203  0.651781   0.565772 -0.0112346    0.65179     0.999995  -0.00299741 -0.000530105 -0.00299735   -0.999996 0.000104491 -0.000530416 -0.000102901           -1     0.999997  -0.00243682 -0.000588272 -0.00243676   -0.999997 9.98694e-05 -0.000588514 -9.84356e-05           -1  0.000812769  -0.00236392  0.000634909     -1.57432 -9.60827e-05      1.57137   0.00388455
  0.565588 -0.0110601    0.65178   0.565614 -0.0110896   0.651792    0.999993 -0.00376669 -0.00052986 -0.00376663   -0.999993 0.000104654 -0.000530251 -0.000102658           -1     0.999995  -0.00318711 -0.000574343 -0.00318706   -0.999995  0.00010017 -0.000574659 -9.83392e-05           -1 0.000950813 -0.00286293  0.00077486    -1.57493 -9.5129e-05     1.57149  0.00491285
 0.565422 -0.010907  0.651779   0.565447 -0.0109341   0.651792     0.999989  -0.00459081 -0.000529598 -0.00459076   -0.999989 0.000104829 -0.000530074 -0.000102397           -1     0.999992  -0.00399391 -0.000560405 -0.00399385   -0.999992 0.000100688 -0.000560802 -9.84492e-05           -1   0.00109959  -0.00339556  0.000924349     -1.57558 -9.41753e-05      1.57162   0.00601792
  0.565245 -0.0107438   0.651778   0.565269 -0.0107684    0.65179     0.999985  -0.00546948 -0.000529318 -0.00546943   -0.999985 0.000105015 -0.000529884 -0.000102119           -1     0.999988  -0.00485554 -0.000547889 -0.00485548   -0.999988 0.000101219 -0.000548374 -9.85579e-05           -1   0.00125837  -0.00396013   0.00108337     -1.57627 -9.29832e-05      1.57176   0.00719738
  0.565057 -0.0105705   0.651777   0.565081 -0.0105932   0.651788     0.999979  -0.00640241 -0.000529021 -0.00640235   -0.999979 0.000105213 -0.000529683 -0.000101824           -1    0.999983 -0.00577271 -0.00053537 -0.00577266   -0.999983 0.000101306 -0.000535946 -9.82136e-05           -1   0.00142646  -0.00455642   0.00125146       -1.577 -9.10759e-05      1.57191   0.00845075
  0.564858 -0.0103872   0.651776  0.564882 -0.010409  0.651787     0.999973  -0.00738928 -0.000528706 -0.00738923   -0.999973 0.000105421  -0.00052947 -0.000101512           -1     0.999977  -0.00674591 -0.000522837 -0.00674586   -0.999977 0.000102168 -0.000523514 -9.86388e-05           -1   0.00160336  -0.00518489   0.00142837     -1.57776 -8.96454e-05      1.57206   0.00977778
 0.564649 -0.010194  0.651775   0.564672 -0.0102157   0.651787     0.999964  -0.00842982 -0.000528374 -0.00842977   -0.999964 0.000105641 -0.000529246 -0.000101183           -1    0.99997 -0.0077749 -0.0005103 -0.00777485    -0.99997 0.000102649 -0.000511083 -9.86779e-05           -1   0.00178885  -0.00584674   0.00161433     -1.57857 -8.74996e-05      1.57221    0.0111783
   0.564428 -0.00999076    0.651774   0.564451 -0.0100123   0.651788     0.999955  -0.00952372 -0.000528024 -0.00952367   -0.999955 0.000105872 -0.000529009 -0.000100838           -1     0.999961  -0.00885824 -0.000497039 -0.00885819   -0.999961 0.000103257 -0.000497934 -9.88497e-05           -1   0.00198364  -0.00654197   0.00181055     -1.57941 -8.51154e-05      1.57237    0.0126526
   0.564197 -0.00977772    0.651772   0.564219 -0.0097989   0.651789     0.999943   -0.0106707 -0.000527658  -0.0106706   -0.999943 0.000106113  -0.00052876 -0.000100476           -1      0.99995  -0.00999617 -0.000484248 -0.00999612    -0.99995 0.000103805 -0.000485262 -9.89589e-05           -1   0.00218773  -0.00727081   0.00201678     -1.58029 -8.22544e-05      1.57254    0.0142009
   0.563956 -0.00955487    0.651771    0.563977 -0.00957563    0.651788     0.999929   -0.0118704 -0.000527274  -0.0118704    -0.99993 0.000106365   -0.0005285 -0.000100099           -1     0.999937    -0.011188 -0.000471928  -0.0111879   -0.999937 0.000104334 -0.000473065 -9.90471e-05           -1   0.00240064  -0.00803208   0.00223327     -1.58122 -7.89165e-05      1.57271    0.0158222
   0.563704 -0.00932226    0.651769    0.563724 -0.00934264    0.651787     0.999914   -0.0131226 -0.000526873  -0.0131225   -0.999914 0.000106627 -0.000528227 -9.97044e-05           -1     0.999923   -0.0124339 -0.000461031  -0.0124338   -0.999923 0.000104898 -0.000462299 -9.91575e-05           -1    0.0026226  -0.00882506   0.00245953     -1.58218 -7.51019e-05      1.57289    0.0175164
   0.563441 -0.00907997    0.651768   0.563461 -0.0091003   0.651784     0.999896    -0.014427 -0.000526455 -0.0144269  -0.999896  0.0001069 -0.000527943 -9.92941e-05           -1     0.999906   -0.0137336 -0.000452519  -0.0137336   -0.999906 0.000105086 -0.000453919 -9.88612e-05           -1   0.00285292  -0.00964856   0.00269556     -1.58319 -7.03335e-05      1.57308    0.0192826
   0.563168 -0.00882804    0.651766    0.563189 -0.00884839    0.651781    0.999875  -0.0157832 -0.00052602  -0.0157831   -0.999875 0.000107184 -0.000527647  -9.8868e-05           -1    0.999886  -0.0150863 -0.00044614  -0.0150863   -0.999886 0.000105673 -0.000447684 -9.89299e-05           -1    0.0030911   -0.0105023   0.00294232     -1.58423 -6.53267e-05      1.57327    0.0211203
   0.562884 -0.00856652    0.651765   0.562906 -0.0085871   0.651777     0.999852    -0.017191 -0.000525569  -0.0171909   -0.999852 0.000107477 -0.000527339  -9.8426e-05           -1     0.999864   -0.0164922 -0.000442396  -0.0164921   -0.999864 0.000105527 -0.000444076 -9.82169e-05           -1   0.00333738   -0.0113857    0.0031991      -1.5853 -5.88894e-05      1.57347    0.0230293
    0.56259 -0.00829547    0.651763    0.562613 -0.00831681    0.651773   0.999826   -0.01865 -0.0005251   -0.01865  -0.999826 0.00010778 -0.000527019 -9.79684e-05           -1     0.999839   -0.0179511 -0.000441016  -0.0179511   -0.999839 0.000106138  -0.00044285 -9.82038e-05           -1    0.0035913   -0.0122986   0.00346589     -1.58641 -5.24521e-05      1.57367    0.0250092
   0.562286 -0.00801494    0.651761     0.56231 -0.00803688    0.651769     0.999797   -0.0201601 -0.000524614    -0.02016   -0.999797 0.000108094 -0.000526687 -9.74953e-05           -1      0.99981    -0.019462 -0.000442987   -0.019462   -0.999811 0.000106174 -0.000444969  -9.7532e-05           -1   0.00385308   -0.0132411   0.00374341     -1.58756 -4.45843e-05      1.57387    0.0270596
 0.561972 -0.007725   0.65176    0.561996 -0.00774768    0.651764     0.999764   -0.0217208 -0.000524112  -0.0217207   -0.999764 0.000108416 -0.000526343 -9.70068e-05           -1     0.999779   -0.0210254 -0.000447567  -0.0210253   -0.999779 0.000106642 -0.000449711 -9.72081e-05           -1    0.0041225   -0.0142136   0.00403142     -1.58874 -3.62396e-05      1.57408    0.0291805
   0.561647 -0.00742569    0.651758    0.561673 -0.00744901    0.651759     0.999728   -0.0233318 -0.000523593  -0.0233317   -0.999728 0.000108749 -0.000525987 -9.65032e-05           -1    0.999744  -0.0226397 -0.00045477  -0.0226396   -0.999744 0.000107137 -0.000457079 -9.68134e-05           -1   0.00439978   -0.0152154   0.00432992     -1.58996 -2.69413e-05      1.57428    0.0313709
   0.561313 -0.00711706    0.651756    0.561339 -0.00714059    0.651754     0.999687   -0.0249929 -0.000523057  -0.0249928   -0.999688 0.000109091  -0.00052562 -9.59844e-05           -1     0.999704   -0.0243045 -0.000464131  -0.0243044   -0.999705 0.000107252 -0.000466601 -9.59396e-05           -1   0.00468493    -0.016247   0.00463939     -1.59121 -1.62125e-05      1.57449    0.0336306
   0.560968 -0.00679919    0.651754    0.560995 -0.00682275    0.651748     0.999643   -0.0267037 -0.000522504  -0.0267037   -0.999643 0.000109443  -0.00052524 -9.54507e-05           -1     0.999661   -0.0260198 -0.000476105  -0.0260197   -0.999661 0.000107789 -0.000478749 -9.53647e-05           -1    0.0049777   -0.0173078   0.00495958     -1.59249 -4.76837e-06       1.5747    0.0359592
   0.560613 -0.00647211    0.651752    0.560641 -0.00649548    0.651744     0.999595    -0.028464 -0.000521935   -0.028464   -0.999595 0.000109803 -0.000524849 -9.49023e-05           -1     0.999614   -0.0277844 -0.000489266  -0.0277843   -0.999614 0.000108541 -0.000492093 -9.49052e-05           -1  0.00527811   -0.018398  0.00529051    -1.59381 7.62939e-06     1.57492   0.0383556
   0.560249 -0.00613588     0.65175    0.560277 -0.00615928     0.65174     0.999542   -0.0302734 -0.000521349  -0.0302734   -0.999542 0.000110173 -0.000524446 -9.43393e-05           -1     0.999562   -0.0295985 -0.000502669  -0.0295984   -0.999562 0.000109296 -0.000505684 -9.43697e-05           -1  0.00558567  -0.0195179  0.00563169    -1.59516 2.12193e-05     1.57513   0.0408189
   0.559874 -0.00579056    0.651748    0.559902 -0.00581395    0.651736     0.999484   -0.0321317 -0.000520747  -0.0321316   -0.999484 0.000110551  -0.00052403 -9.37617e-05           -1     0.999505   -0.0314621 -0.000515587   -0.031462   -0.999505 0.000110332 -0.000518803 -9.40563e-05           -1  0.00590062  -0.0206668  0.00598335    -1.59654 3.57628e-05     1.57535   0.0433497
    0.55949 -0.00543621    0.651746    0.559517 -0.00545954    0.651734      0.99942   -0.0340384 -0.000520128  -0.0340384   -0.999421 0.000110939 -0.000523603 -9.31699e-05           -1     0.999443   -0.0333742 -0.000527572  -0.0333742   -0.999443 0.000110986 -0.000530982 -9.33168e-05           -1  0.00622249  -0.0218451  0.00634575    -1.59795 5.19753e-05     1.57558   0.0459468
   0.559096 -0.00507287    0.651743    0.559123 -0.00509599    0.651733     0.999352   -0.0359934 -0.000519493  -0.0359933   -0.999352 0.000111334 -0.000523164 -9.25639e-05           -1     0.999375   -0.0353345 -0.000536925  -0.0353344   -0.999376 0.000111955 -0.000540545 -9.29129e-05           -1   0.0065515  -0.0230527  0.00671887     -1.5994 6.91414e-05      1.5758     0.04861
   0.558692 -0.00470061    0.651741    0.558718 -0.00472371    0.651733     0.999278   -0.0379962 -0.000518841  -0.0379962   -0.999278 0.000111739 -0.000522712  -9.1944e-05           -1     0.999302   -0.0373422 -0.000542449  -0.0373422   -0.999303 0.000113218 -0.000546299 -9.28827e-05           -1  0.00688744  -0.0242896  0.00710225    -1.60087 8.72612e-05     1.57604    0.051338
   0.558279 -0.00431947    0.651739    0.558303 -0.00434239    0.651733     0.999198   -0.0400467 -0.000518173  -0.0400466   -0.999198 0.000112151 -0.000522249 -9.13101e-05           -1     0.999223   -0.0393978 -0.000544656  -0.0393978   -0.999224 0.000114151  -0.00054873 -9.26045e-05           -1  0.0072298 -0.0255556 0.00749683   -1.60238 0.00010705    1.57628  0.0541315
   0.557856 -0.00392951    0.651736    0.557879 -0.00395219    0.651735     0.999111   -0.0421444 -0.000517489  -0.0421443   -0.999112 0.000112572 -0.000521773 -9.06626e-05           -1     0.999138   -0.0415005 -0.000543055  -0.0415004   -0.999138 0.000114992 -0.00054736 -9.2356e-05          -1  0.00757909  -0.0268502  0.00790191    -1.60393 0.000128269     1.57653   0.0569897
   0.557424 -0.00353079    0.651734    0.557445 -0.00355309    0.651736     0.999019    -0.044289 -0.000516788   -0.044289   -0.999019 0.000113001 -0.000521286 -9.00016e-05           -1     0.999047   -0.0436501 -0.000538136  -0.0436501   -0.999047 0.000115585 -0.000542669 -9.19847e-05           -1  0.00793481  -0.0281732  0.00831795     -1.6055 0.000151157     1.57678   0.0599124
   0.556982 -0.00312337    0.651732    0.557001 -0.00314527    0.651737     0.998919   -0.0464803 -0.000516071  -0.0464802   -0.998919 0.000113437 -0.000520786 -8.93273e-05           -1     0.998948   -0.0458462 -0.000528678  -0.0458461   -0.998949 0.000116372 -0.000533457 -9.20116e-05           -1  0.00829673  -0.0295238  0.00874496    -1.60711 0.000175238     1.57705   0.0628989
   0.556531 -0.00270728    0.651729    0.556548 -0.00272925    0.651739     0.998812   -0.0487179 -0.000515338  -0.0487178   -0.998813 0.000113881 -0.000520274 -8.86397e-05           -1    0.998843  -0.0480887 -0.00051685  -0.0480887   -0.998843 0.000117028 -0.000521879 -9.20376e-05           -1  0.00866461  -0.0309014  0.00918221    -1.60874 0.000200987     1.57732   0.0659482
  0.556071 -0.0022826   0.651726    0.556086 -0.00230409    0.651739     0.998698   -0.0510015 -0.000514589  -0.0510014   -0.998699 0.000114333  -0.00051975 -8.79391e-05           -1      0.99873   -0.0503768 -0.000503122  -0.0503768    -0.99873 0.000117683 -0.000508412 -9.21877e-05           -1  0.00903869  -0.0323057  0.00963116    -1.61042 0.000228405      1.5776   0.0690613
   0.555601 -0.00184938    0.651724    0.555615 -0.00187045    0.651739     0.998577   -0.0533307 -0.000513823  -0.0533307   -0.998577 0.000114792 -0.000519214 -8.72257e-05           -1      0.99861   -0.0527105 -0.000487511 -0.0527105   -0.99861 0.00011813  -0.00049306 -9.22688e-05           -1 0.00941849 -0.0337358  0.0100911   -1.61212 0.00025773    1.57789  0.0722368
   0.555122 -0.00140767    0.651721    0.555135 -0.00142846    0.651739     0.998447   -0.0557053 -0.000513042  -0.0557052   -0.998447 0.000115258 -0.000518666 -8.64996e-05           -1     0.998481   -0.0550895 -0.000471459  -0.0550894   -0.998481 0.000118285  -0.00047726 -9.21326e-05           -1  0.00980401  -0.0351908   0.0105617    -1.61385 0.000289202     1.57818   0.0754743
    0.554634 -0.000957517     0.651718     0.554647 -0.000978002     0.651737     0.998309   -0.0581249 -0.000512244  -0.0581249   -0.998309 0.000115731 -0.000518105 -8.57609e-05           -1     0.998345   -0.0575133 -0.000455421  -0.0575132   -0.998345 0.000118518 -0.000461483 -9.21286e-05           -1  0.0101948 -0.0366704  0.0110438   -1.61561 0.00032258    1.57848  0.0787735
    0.554137 -0.000498989     0.651715     0.554149 -0.000519079     0.651735     0.998163   -0.0605892 -0.000511431  -0.0605892   -0.998163 0.000116211 -0.000517532 -8.50099e-05           -1     0.998199   -0.0599816 -0.000439886  -0.0599815   -0.998199 0.000118708 -0.000446214 -9.21089e-05           -1   0.0105908  -0.0381742   0.0115373     -1.6174 0.000358105     1.57878   0.0821342
    0.553631 -3.21355e-05     0.651713     0.553642 -5.19873e-05     0.651732     0.998007   -0.0630979 -0.000510601  -0.0630978   -0.998007 0.000116697 -0.000516947 -8.42467e-05           -1     0.998045   -0.0624946 -0.000425542  -0.0624946   -0.998045 0.000119225 -0.000432161 -9.23978e-05           -1   0.0109918  -0.0397012    0.012042    -1.61921 0.000395536     1.57908   0.0855563
   0.553115 0.000442988     0.65171    0.553127 0.000423302    0.651729     0.997843   -0.0656506 -0.000509756 -0.0656505  -0.997843 0.00011719  -0.00051635 -8.34715e-05           -1     0.997882   -0.0650517 -0.000414086  -0.0650517   -0.997882 0.000119848 -0.000421006 -9.26573e-05           -1   0.0113976  -0.0412517   0.0125582    -1.62106 0.000435352     1.57938   0.0890388
   0.552591 0.000926327    0.651707    0.552603 0.000906921    0.651725     0.997668    -0.068247 -0.000508894  -0.0682469   -0.997668 0.000117689  -0.00051574 -8.26845e-05           -1     0.997709    -0.067652 -0.000403612   -0.067652   -0.997709 0.000120526 -0.000410841 -9.29447e-05           -1   0.0118079  -0.0428245   0.0130863    -1.62292 0.000477552     1.57969   0.0925815
  0.552058 0.00141783   0.651704  0.552071 0.0013986   0.65172     0.997484   -0.0708867 -0.000508017  -0.0708867   -0.997484 0.000118195 -0.000515117 -8.18858e-05           -1    0.997526  -0.0702963 -0.00039651  -0.0702963   -0.997526 0.000121326 -0.000404057 -9.31523e-05           -1   0.0122228  -0.0444195   0.0136259    -1.62482 0.000522375        1.58   0.0961845
  0.551517 0.00191743   0.651701   0.551529 0.00189833   0.651715      0.99729   -0.0735695 -0.000507124  -0.0735695    -0.99729 0.000118706 -0.000514483 -8.10756e-05           -1    0.997333  -0.0729834 -0.00039206  -0.0729833   -0.997333 0.000122319 -0.000399942 -9.33793e-05           -1  0.0126417 -0.0460365  0.0141773   -1.62673 0.00056982     1.5803  0.0998466
  0.550966 0.00242509   0.651698   0.550979 0.00240626   0.651709     0.997085    -0.076295 -0.000506215  -0.0762949   -0.997085 0.000119223 -0.000513835 -8.02542e-05           -1      0.99713   -0.0757131 -0.000390515  -0.0757131    -0.99713 0.000123428 -0.000398739 -9.35066e-05           -1   0.0130646  -0.0476754   0.0147409    -1.62868 0.000620127      1.5806    0.103568
  0.550407 0.00294074   0.651694   0.550421 0.00292179   0.651703     0.99687  -0.0790628 -0.00050529  -0.0790628    -0.99687 0.000119746 -0.000513176 -7.94216e-05           -1     0.996915   -0.0784862 -0.000391107  -0.0784862   -0.996915 0.000125147 -0.000399723 -9.40642e-05           -1   0.0134912  -0.0493357   0.0153162    -1.63064 0.000672817     1.58091    0.107349
  0.549839 0.00346434   0.651691   0.549854 0.00344528   0.651698    0.996643  -0.0818726 -0.00050435  -0.0818726   -0.996643 0.000120274 -0.000512504  -7.8578e-05           -1      0.99669   -0.0813008 -0.000393926  -0.0813007    -0.99669 0.000126679 -0.000402921  -9.4233e-05           -1    0.013921  -0.0510173   0.0159039    -1.63262 0.000728846     1.58121    0.111187
  0.549263 0.00399582   0.651688   0.549278 0.00397707   0.651692     0.996404   -0.0847241 -0.000503393  -0.0847241   -0.996404 0.000120808 -0.000511819 -7.77237e-05           -1    0.996452  -0.0841568 -0.00039891  -0.0841567   -0.996453 0.000128645 -0.000408322 -9.46176e-05           -1   0.0143545  -0.0527198   0.0165045    -1.63463 0.000787735     1.58151    0.115084
  0.548678 0.00453514   0.651685   0.548694 0.00451677   0.651687     0.996154   -0.0876169 -0.000502422  -0.0876169   -0.996154 0.000121346 -0.000511121 -7.68589e-05           -1     0.996204   -0.0870541 -0.000404892  -0.0870541   -0.996204 0.000130787 -0.000414741 -9.50426e-05           -1    0.014791  -0.0544436   0.0171177    -1.63666 0.000849724     1.58181    0.119038
  0.548085 0.00508223   0.651681   0.548101 0.00506398   0.651681     0.995892   -0.0905507 -0.000501434 -0.0905506  -0.995892 0.00012189 -0.000510411 -7.59836e-05           -1     0.995942   -0.0899931 -0.000412604   -0.089993   -0.995942 0.000133045 -0.000422903 -9.53735e-05           -1   0.0152304  -0.0561886   0.0177431    -1.63871 0.000915051      1.5821     0.12305
  0.547484 0.00563704   0.651678    0.5475 0.0056189  0.651677     0.995617   -0.0935251 -0.000500431   -0.093525   -0.995617 0.000122438 -0.000509689 -7.50981e-05           -1     0.995669   -0.0929723 -0.000420467  -0.0929723   -0.995669 0.000134669 -0.000431166 -9.49942e-05           -1   0.015672 -0.0579543  0.0183816   -1.64078 0.00098443     1.5824   0.127118
  0.546874 0.00619953   0.651675    0.54689 0.00618164   0.651672     0.995329   -0.0965397 -0.000499413 -0.0965396  -0.995329 0.00012299 -0.000508954 -7.42025e-05           -1     0.995382   -0.0959915 -0.000428231  -0.0959914   -0.995382 0.000137658 -0.000439467 -9.59156e-05           -1  0.0161161 -0.0597405  0.0190332   -1.64287 0.00105596     1.5827   0.131242
  0.546256 0.00676962   0.651671   0.546272 0.00675196   0.651668     0.995028   -0.0995942 -0.000498379  -0.0995942   -0.995028 0.000123547 -0.000508206 -7.32971e-05           -1    0.995082  -0.0990511 -0.00043572   -0.099051   -0.995082 0.000139693 -0.000447414 -9.58478e-05           -1  0.0165622 -0.0615473  0.0196979   -1.64498 0.00113201      1.583   0.135422
  0.545629 0.00734728   0.651667   0.545645 0.00732954   0.651664     0.994713    -0.102688 -0.000497329   -0.102688   -0.994714 0.000124108 -0.000507445 -7.23821e-05           -1    0.994769    -0.10215 -0.00044186    -0.10215   -0.994769 0.000141696 -0.000454023 -9.58183e-05           -1  0.0170097 -0.0633745  0.0203757   -1.64711 0.00121164    1.58329   0.139658
  0.544995 0.00793243   0.651664    0.54501 0.00791473   0.651661     0.994385    -0.105822 -0.000496265   -0.105821   -0.994385 0.000124673 -0.000506671 -7.14576e-05           -1     0.994442    -0.105289 -0.000447314   -0.105289   -0.994442 0.000144121 -0.000460002 -9.62228e-05           -1  0.0174589 -0.0652218  0.0210671   -1.64926 0.00129461    1.58359   0.143948
  0.544352 0.00852504    0.65166   0.544367 0.00850722   0.651658     0.994042    -0.108994 -0.000495184   -0.108994   -0.994042 0.000125242 -0.000505885 -7.05238e-05           -1       0.9941    -0.108466 -0.000450791   -0.108466     -0.9941 0.000145917 -0.000463959 -9.61605e-05           -1   0.017909 -0.0670888  0.0217721   -1.65143 0.00138187    1.58389   0.148293
  0.543702 0.00912504   0.651657   0.543716 0.00910734   0.651655     0.993685    -0.112204 -0.000494089   -0.112204   -0.993685 0.000125814 -0.000505086 -6.95809e-05           -1     0.993744    -0.111682 -0.000452881   -0.111682   -0.993744 0.000148051 -0.000466583 -9.65459e-05           -1  0.0183599 -0.0689754  0.0224917   -1.65362 0.00147271    1.58419   0.152693
  0.543043 0.00973238   0.651653   0.543057 0.00971475   0.651653     0.993313    -0.115453 -0.000492978  -0.115453  -0.993313 0.00012639 -0.000504274 -6.86292e-05           -1     0.993373    -0.114936 -0.000453451   -0.114936   -0.993373 0.000149833 -0.000467668 -9.67226e-05           -1  0.0188115 -0.0708816  0.0232251   -1.65583 0.00156784     1.5845   0.157146
0.542377 0.010347 0.651649   0.54239 0.0103297   0.65165     0.992925    -0.118739 -0.000491852   -0.118739   -0.992926 0.000126969 -0.000503449 -6.76687e-05           -1     0.992986    -0.118227 -0.000452292   -0.118227   -0.992987 0.000151137 -0.000466988 -9.66044e-05           -1  0.0192633 -0.0728064  0.0239732   -1.65806  0.0016675     1.5848   0.161653
 0.541703 0.0109689  0.651645  0.541714 0.0109518  0.651648     0.992522    -0.122063 -0.000490711   -0.122063   -0.992522 0.000127551 -0.000502611 -6.66997e-05           -1    0.992584   -0.121556 -0.00044983   -0.121556   -0.992585 0.000152361 -0.000465014 -9.65522e-05           -1  0.0197148 -0.0747497  0.0247359    -1.6603 0.00177145    1.58511   0.166213
  0.54102 0.0115979  0.651641  0.541032 0.0115808  0.651645     0.992103    -0.125423 -0.000489555   -0.125423   -0.992103 0.000128136  -0.00050176 -6.57224e-05           -1     0.992166    -0.124922 -0.000446054   -0.124922   -0.992167 0.000153613 -0.000461749 -9.66872e-05           -1  0.0201654 -0.0767109  0.0255134   -1.66257 0.00187969    1.58541   0.170825
0.540331 0.012234 0.651638  0.540341 0.0122171  0.651643     0.991668     -0.12882 -0.000488383    -0.12882   -0.991668 0.000128723 -0.000500896 -6.47369e-05           -1     0.991732    -0.128324 -0.000440134   -0.128324   -0.991732 0.000154146 -0.000456276 -9.63918e-05           -1  0.0206153 -0.0786901  0.0263059   -1.66485 0.00199294    1.58572   0.175488
 0.539633 0.0128772  0.651634  0.539643 0.0128603   0.65164     0.991216    -0.132254 -0.000487197   -0.132254   -0.991216 0.000129313 -0.000500019 -6.37436e-05           -1    0.991281   -0.131763 -0.00043428   -0.131763   -0.991281 0.000155224 -0.000450947 -9.66487e-05           -1  0.0210636 -0.0806861  0.0271142   -1.66714 0.00211048    1.58603   0.180204
 0.538928 0.0135275   0.65163  0.538937 0.0135107  0.651637     0.990747    -0.135723 -0.000485995   -0.135723   -0.990747 0.000129905 -0.000499129 -6.27425e-05           -1     0.990813    -0.135238 -0.000427473   -0.135238   -0.990813 0.000155823 -0.000444618 -9.65808e-05           -1  0.0215104 -0.0826991  0.0279381   -1.66946 0.00223327    1.58634   0.184971
 0.538216 0.0141847  0.651626 0.538224 0.014168 0.651634      0.99026    -0.139227 -0.000484779   -0.139227    -0.99026 0.000130499 -0.000498226 -6.17338e-05           -1     0.990328    -0.138747 -0.000420594   -0.138747   -0.990328 0.000156482 -0.000438238  -9.6612e-05           -1  0.0219548 -0.0847285  0.0287781   -1.67179 0.00236106    1.58665   0.189788
 0.537496 0.0148487  0.651622  0.537504 0.0148322   0.65163     0.989756    -0.142767 -0.000483547   -0.142767   -0.989756 0.000131095  -0.00049731 -6.07178e-05           -1     0.989825    -0.142293 -0.000413625   -0.142293   -0.989825 0.000157363 -0.000431807 -9.69063e-05           -1  0.0223966 -0.0867739  0.0296345   -1.67413 0.00249386    1.58696   0.194655
 0.536768 0.0155197  0.651618 0.536776 0.015503 0.651626     0.989234    -0.146341 -0.000482301   -0.146341   -0.989234 0.000131693 -0.000496381 -5.96947e-05           -1    0.989303   -0.145873 -0.00040641   -0.145873   -0.989303 0.000158061 -0.000425119 -9.70859e-05           -1  0.0228353  -0.088835  0.0305071   -1.67649 0.00263214    1.58727   0.199573
 0.536033 0.0161974  0.651613  0.536041 0.0161806  0.651623    0.988694    -0.14995 -0.00048104    -0.14995   -0.988694 0.000132292 -0.000495439 -5.86646e-05           -1     0.988764    -0.149487 -0.000399393   -0.149486   -0.988764 0.000158868 -0.000418654 -9.73795e-05           -1  0.0232704 -0.0909111  0.0313969   -1.67887 0.00277591    1.58758   0.204539
 0.535291 0.0168818  0.651609  0.535299 0.0168652  0.651618     0.988134    -0.153592 -0.000479764   -0.153592   -0.988134 0.000132893 -0.000494483 -5.76278e-05           -1     0.988205    -0.153135 -0.000393583   -0.153135   -0.988205 0.000159679 -0.000413393 -9.75246e-05           -1  0.0237017 -0.0930021   0.032304   -1.68125 0.00292563    1.58788   0.209554
0.534542 0.017573 0.651605  0.534549 0.0175565  0.651613     0.987556    -0.157268 -0.000478474   -0.157268   -0.987556 0.000133494 -0.000493514 -5.65845e-05           -1     0.987628    -0.156816 -0.000388209   -0.156816   -0.987628 0.000160759 -0.000408616 -9.78927e-05           -1  0.0241287 -0.0951078  0.0332289   -1.68366 0.00308108    1.58819   0.214619
 0.533785 0.0182707  0.651601  0.533792 0.0182545  0.651608     0.986958    -0.160977 -0.000477169   -0.160977   -0.986958 0.000134097 -0.000492532 -5.55348e-05           -1    0.987031   -0.160531 -0.00038433    -0.16053   -0.987031 0.000161803  -0.00040532 -9.80077e-05           -1  0.0245507 -0.0972278  0.0341718   -1.68607 0.00324297    1.58849   0.219731
 0.533022 0.0189751  0.651596  0.533029 0.0189587  0.651603     0.986341    -0.164718 -0.000475849 -0.164718 -0.986341 0.0001347 -0.000491537 -5.44789e-05           -1     0.986414    -0.164278 -0.000380429   -0.164278   -0.986414 0.000163114 -0.000402057 -9.84022e-05           -1   0.024967 -0.0993617  0.0351329   -1.68849 0.00341082    1.58879    0.22489
 0.532251 0.0196859  0.651592  0.532258 0.0196697  0.651598     0.985703    -0.168492 -0.000474515   -0.168492   -0.985703 0.000135303 -0.000490529 -5.34172e-05           -1     0.985777    -0.168057 -0.000378261   -0.168057   -0.985777 0.000164584  -0.00040054 -9.86735e-05           -1  0.0253775  -0.101509  0.0361128   -1.69093 0.00358534    1.58908   0.230096
 0.531473 0.0204032  0.651588  0.53148 0.020387 0.651593     0.985045    -0.172297 -0.000473167   -0.172297   -0.985045 0.000135907 -0.000489507 -5.23497e-05           -1      0.98512    -0.171869 -0.000376812   -0.171869    -0.98512 0.000166437  -0.00039981 -9.91984e-05           -1 0.0257814  -0.10367 0.0371118  -1.69338 0.0037663   1.58937  0.235349
0.530688 0.021127 0.651583  0.530696 0.0211107  0.651587     0.984366    -0.176134 -0.000471804   -0.176134   -0.984366 0.000136511 -0.000488472 -5.12766e-05           -1     0.984442    -0.175712 -0.000376218   -0.175712   -0.984442 0.000168192 -0.000399918 -9.94692e-05           -1  0.0261781  -0.105844  0.0381303   -1.69583 0.00395441    1.58966   0.240648
 0.529897 0.0218571  0.651579  0.529904 0.0218409  0.651582     0.983666    -0.180002 -0.000470426   -0.180002   -0.983666 0.000137115 -0.000487423 -5.01983e-05           -1     0.983742    -0.179585 -0.000376098   -0.179585   -0.983742 0.000170487 -0.000400601 -0.000100174           -1 0.0265672 -0.108031 0.0391691   -1.6983 0.0041492   1.58995  0.245992
 0.529098 0.0225934  0.651574  0.529106 0.0225776  0.651577     0.982945      -0.1839 -0.000469035     -0.1839   -0.982945 0.000137719 -0.000486362 -4.91148e-05           -1     0.983022     -0.18349 -0.000376366   -0.183489   -0.983022 0.000172764 -0.000401677 -0.000100772           -1  0.0269482   -0.11023  0.0402284   -1.70078 0.00435138    1.59023   0.251381
 0.528293 0.0233361   0.65157    0.5283 0.0233203  0.651572     0.982202    -0.187829 -0.000467629   -0.187829   -0.982202 0.000138322 -0.000485287 -4.80264e-05           -1     0.982279    -0.187424 -0.000377053   -0.187423   -0.982279 0.000174995 -0.000403169 -0.000101225           -1  0.0273201  -0.112443  0.0413084   -1.70326 0.00456119    1.59051   0.256815
 0.527481 0.0240849  0.651565  0.527488 0.0240693  0.651567     0.981436    -0.191787 -0.000466209   -0.191787   -0.981437 0.000138925 -0.000484198 -4.69333e-05           -1     0.981514    -0.191388 -0.000377889   -0.191387   -0.981515 0.000177369  -0.00040485 -0.000101768           -1  0.0276825  -0.114667  0.0424099   -1.70576 0.00477862    1.59078   0.262292
 0.526663 0.0248398  0.651561   0.52667 0.0248244  0.651561     0.980649    -0.195774 -0.000464775   -0.195774   -0.980649 0.000139527 -0.000483096 -4.58357e-05           -1     0.980727    -0.195381 -0.000379006    -0.19538   -0.980728 0.000180396 -0.000406947 -0.000102869           -1  0.0280347  -0.116904  0.0435333   -1.70826 0.00500345    1.59106   0.267813
 0.525837 0.0256008  0.651556  0.525845 0.0255854  0.651556     0.979838    -0.199791 -0.000463326   -0.199791   -0.979839 0.000140127 -0.000481981 -4.47338e-05           -1     0.979918    -0.199403 -0.000380352   -0.199403   -0.979918 0.000182554 -0.000409115 -0.000103045           -1  0.0283756  -0.119153  0.0446789   -1.71078 0.00523734    1.59132   0.273377
 0.525006 0.0263679  0.651551  0.525013 0.0263526  0.651551     0.979005    -0.203836 -0.000461864   -0.203835   -0.979005 0.000140727 -0.000480853 -4.36278e-05           -1     0.979085    -0.203453 -0.000381628   -0.203453   -0.979085 0.000185051 -0.000411296 -0.000103537           -1  0.0287049  -0.121413  0.0458477    -1.7133 0.00547934    1.59159   0.278983
 0.524168 0.0271409  0.651546  0.524174 0.0271259  0.651546     0.978148    -0.207908 -0.000460389   -0.207908   -0.978148 0.000141325 -0.000479711 -4.25179e-05           -1     0.978228    -0.207531 -0.000382994   -0.207531   -0.978228 0.000187428 -0.000413553 -0.000103864           -1   0.029022  -0.123684    0.04704   -1.71582 0.00573015    1.59185   0.284631
 0.523323 0.0279198  0.651542  0.523329 0.0279051  0.651541     0.977268    -0.212008 -0.000458899   -0.212008   -0.977268 0.000141921 -0.000478556 -4.14044e-05           -1     0.977348    -0.211637 -0.000383944   -0.211637   -0.977348 0.000189831 -0.000415422 -0.000104275           -1  0.0293257  -0.125967  0.0482566   -1.71836 0.00598979    1.59211    0.29032
 0.522472 0.0287046  0.651537  0.522478 0.0286902  0.651537     0.976363    -0.216136 -0.000457395   -0.216136   -0.976363 0.000142515 -0.000477387 -4.02874e-05           -1     0.976444     -0.21577 -0.000383666    -0.21577   -0.976444 0.000191751 -0.000416003  -0.00010445           -1  0.0296154  -0.128261  0.0494978    -1.7209 0.00625873    1.59237    0.29605
 0.521615 0.0294952  0.651532   0.52162 0.0294809  0.651534     0.975434     -0.22029 -0.000455878    -0.22029   -0.975435 0.000143108 -0.000476205 -3.91671e-05           -1     0.975516    -0.219929 -0.000380668   -0.219929   -0.975516 0.000193303 -0.000413861  -0.00010485           -1  0.0298898  -0.130566  0.0507646   -1.72344 0.00653672    1.59262    0.30182
 0.520751 0.0302916  0.651527  0.520756 0.0302774  0.651532     0.974481     -0.22447 -0.000454348    -0.22447   -0.974481 0.000143698 -0.000475009 -3.80438e-05           -1     0.974563    -0.224115 -0.000372916   -0.224115   -0.974563 0.000193108 -0.000406709  -0.00010462           -1  0.0301485  -0.132883  0.0520573   -1.72599 0.00682473    1.59287   0.307629
 0.519882 0.0310936  0.651522  0.519885 0.0310791  0.651533     0.973503    -0.228676 -0.000452804   -0.228675   -0.973503 0.000144286   -0.0004738 -3.69176e-05           -1     0.973584    -0.228327 -0.000358875   -0.228327   -0.973585 0.000191406 -0.000393098 -0.000104409           -1  0.0303895  -0.135212  0.0533767   -1.72855 0.00712228    1.59312   0.313477
 0.519006 0.0319013  0.651517  0.519007 0.0318862  0.651536     0.972499    -0.232907 -0.000451246   -0.232907   -0.972499 0.000144871 -0.000472578 -3.57888e-05           -1     0.972581    -0.232564 -0.000337966  -0.232564  -0.972581 0.00018854 -0.000372547 -0.000104772           -1   0.030612  -0.137552  0.0547242   -1.73111 0.00742912    1.59338   0.319363
 0.518124 0.0327146  0.651512  0.518125 0.0326989  0.651535      0.97147    -0.237163 -0.000449675   -0.237162    -0.97147 0.000145453 -0.000471342 -3.46575e-05           -1     0.971552    -0.236827 -0.000316509   -0.236827   -0.971552 0.000185978 -0.000351549 -0.000105729           -1  0.0308151  -0.139902  0.0561004   -1.73368 0.00774598    1.59363   0.325288
 0.517236 0.0335334  0.651507  0.517237 0.0335182  0.651528     0.970415    -0.241443 -0.000448091   -0.241443   -0.970415 0.000146033 -0.000470093 -3.35241e-05           -1     0.970497    -0.241113 -0.000306237   -0.241113   -0.970497 0.000186384 -0.000342142 -0.000107047           -1  0.0309989   -0.14226   0.057507   -1.73626 0.00807452    1.59389    0.33125
 0.516343 0.0343577  0.651502  0.516344 0.0343446   0.65151     0.969334    -0.245747 -0.000446494   -0.245747   -0.969334 0.000146609  -0.00046883 -3.23886e-05           -1     0.969417    -0.245421 -0.000313468   -0.245421   -0.969417 0.000191366 -0.000350846 -0.000108582           -1 0.0311642 -0.144623 0.0589445  -1.73887 0.0084157   1.59414  0.337249
 0.515443 0.0351874  0.651497  0.515446 0.0351771  0.651487     0.968226    -0.250075 -0.000444883   -0.250074   -0.968227 0.000147182 -0.000467554 -3.12514e-05           -1     0.96831    -0.24975 -0.00033583    -0.24975    -0.96831 0.000200647   -0.0003753 -0.000110415           -1  0.0313096   -0.14699  0.0604115   -1.74149 0.00876927    1.59438   0.343283
 0.514538 0.0360225  0.651492  0.514542 0.0360144  0.651467    0.967092   -0.254425 -0.00044326   -0.254425   -0.967092 0.000147751 -0.000466265 -3.01125e-05           -1     0.967177    -0.254102 -0.000364503   -0.254102   -0.967177 0.000212142 -0.000406445 -0.000112558           -1  0.0314343  -0.149361  0.0619071    -1.7441 0.00913453    1.59461   0.349352
 0.513626 0.0368629  0.651487  0.513633 0.0368548  0.651457     0.965931    -0.258798 -0.000441624   -0.258798   -0.965931 0.000148317 -0.000464962 -2.89723e-05           -1     0.966017    -0.258479 -0.000387663  -0.258479  -0.966017 0.00022219 -0.000431921 -0.000114437           -1  0.0315361  -0.151738  0.0634298   -1.74669 0.00951099    1.59481   0.355453
 0.512709 0.0377085  0.651482  0.512716 0.0376986  0.651459     0.964743    -0.263193 -0.000439975   -0.263193   -0.964743 0.000148878 -0.000463646 -2.78309e-05           -1     0.964829    -0.262879 -0.000397487   -0.262879   -0.964829 0.000228087 -0.000443467 -0.000115574           -1  0.0316131  -0.154124  0.0649822   -1.74925 0.00989914    1.59499   0.361588
