0.5665 -0.012 0.6521 0.5665 -0.012 0.6521            1 -1.56021e-18 -2.55505e-17 -1.56021e-18           -1 -3.28691e-18 -2.55505e-17  3.28691e-18           -1            1 -1.56021e-18 -2.55505e-17 -1.56021e-18           -1 -3.28691e-18 -2.55505e-17  3.28691e-18           -1 3.94251e-18 2.55505e-17 7.20328e-19     -1.5708 3.28691e-18      1.5708 6.22306e-18
  0.566494 -0.0119945     0.6521 0.5665 -0.012 0.6521            1 -2.94033e-05 -2.55505e-17 -2.94033e-05           -1 -3.28616e-18  -2.555e-17 3.28723e-18          -1           1 7.61018e-19 8.35499e-18 7.61018e-19          -1 3.18179e-19  8.35499e-18 -3.18179e-19           -1  1.95566e-18   -8.355e-18  4.60919e-18      -1.5708 -3.18179e-19       1.5708  5.80384e-18
  0.566476 -0.0119782     0.6521 0.5665 -0.012 0.6521            1 -0.000117417 -2.55505e-17 -0.000117417           -1 -3.28391e-18 -2.55488e-17  3.28821e-18           -1            1 -1.63377e-17  1.99529e-17 -1.63377e-17           -1 -1.52592e-18 1.99529e-17 1.52592e-18          -1 -7.60621e-18 -1.99529e-17 -4.20738e-18      -1.5708  1.52592e-18       1.5708  4.52413e-18
 0.566447 -0.011951    0.6521   0.566496 -0.0119964     0.6521            1 -0.000263747 -2.55505e-17 -0.000263747           -1 -3.28017e-18 -2.55467e-17  3.28984e-18           -1            1 -2.23364e-05 -1.93048e-07 -2.23364e-05           -1  3.38169e-10 -1.93048e-07 -3.33857e-10           -1  3.51809e-06 -1.23239e-05  3.51819e-06     -1.57081 -2.89141e-10       1.5708  2.93727e-05
 0.566406 -0.011913  0.652099   0.566486 -0.0119867     0.6521            1 -0.000468097 -2.55505e-17 -0.000468097           -1 -3.27495e-18 -2.55437e-17  3.29212e-18           -1            1  -8.4983e-05 -6.59274e-08 -8.4983e-05          -1 7.69094e-10 -6.59274e-08 -7.63491e-10           -1  1.29159e-05 -4.49952e-05   1.2916e-05     -1.57085 -1.80631e-10      1.57081  0.000110815
  0.566353 -0.0118643   0.652099   0.566467 -0.0119694     0.6521            1 -0.000730175 -2.55505e-17 -0.000730175           -1 -3.26825e-18 -2.55399e-17  3.29503e-18           -1            1 -0.000198141 -9.02504e-08 -0.000198141           -1  2.27565e-09 -9.02509e-08 -2.25777e-09           -1   2.9734e-05 -0.000103383  2.97356e-05     -1.57092  8.21768e-10      1.57082  0.000257611
  0.566289 -0.0118049   0.652099   0.566439 -0.0119434     0.6521     0.999999  -0.00104968 -2.55505e-17  -0.00104968    -0.999999 -3.26009e-18 -2.55353e-17  3.29858e-18           -1            1 -0.000366546 -1.92494e-08 -0.000366546           -1  6.34961e-09 -1.92518e-08 -6.34256e-09           -1  5.49605e-05 -0.000191073  5.49705e-05     -1.57103  4.16295e-09      1.57084  0.000476477
  0.566213 -0.0117349   0.652098     0.5664 -0.0119081   0.652099     0.999999  -0.00142633 -2.55504e-17  -0.00142633    -0.999999 -3.25046e-18 -2.55299e-17  3.30277e-18           -1            1 -0.000591985  3.38867e-08 -0.000591985           -1  1.43576e-08  3.38782e-08 -1.43777e-08           -1  8.92205e-05 -0.000310455  8.92564e-05     -1.57118  1.33264e-08      1.57086  0.000770462
  0.566125 -0.0116543   0.652097   0.566352 -0.0118631   0.652099     0.999998  -0.00185982 -2.55504e-17  -0.00185982    -0.999998 -3.23939e-18 -2.55236e-17  3.30759e-18           -1            1 -0.000874891  6.57436e-08 -0.000874891           -1  2.73467e-08  6.57196e-08 -2.74043e-08           -1  0.000132902 -0.000463075  0.000132999     -1.57136  3.41666e-08       1.5709   0.00114079
  0.566027 -0.0115632   0.652097   0.566292 -0.0118079   0.652099     0.999997  -0.00234986 -2.55504e-17  -0.00234986    -0.999997 -3.22687e-18 -2.55166e-17  3.31303e-18           -1     0.999999  -0.00121517 -2.17659e-08 -0.00121517   -0.999999 4.61329e-08  -2.1822e-08 -4.61064e-08           -1   0.00018624 -0.000649907  0.000186453     -1.57159  7.50791e-08      1.57094   0.00158786
  0.565916 -0.0114616   0.652096   0.566221 -0.0117426   0.652098     0.999996  -0.00289615 -2.55504e-17  -0.00289615    -0.999996 -3.21291e-18 -2.55087e-17  3.31909e-18           -1     0.999999  -0.00161253 -4.18513e-09 -0.00161253   -0.999999 7.07673e-08 -4.29924e-09 -7.07604e-08           -1  0.000249363 -0.000871535  0.000249781     -1.57186  1.46934e-07      1.57099   0.00211168
  0.565795 -0.0113497   0.652095  0.566139 -0.011667  0.652098     0.999994   -0.0034984 -2.55503e-17   -0.0034984    -0.999994 -3.19752e-18   -2.55e-17 3.32576e-18          -1    0.999998 -0.00206668 7.84472e-08 -0.00206668   -0.999998 1.01288e-07 7.82377e-08 -1.0145e-07          -1 0.000322333 -0.00112827 0.000323079    -1.57217 2.63021e-07     1.57104   0.0027121
  0.565663 -0.0112274   0.652094  0.566046 -0.011581  0.652097     0.999991  -0.00415632 -2.55503e-17  -0.00415632    -0.999991 -3.18071e-18 -2.54904e-17  3.33305e-18           -1     0.999997  -0.00257729 -2.79141e-09 -0.00257729   -0.999997 1.38427e-07 -3.14817e-09 -1.38419e-07           -1 0.000405166 -0.00142026 0.000406405    -1.57253 4.38783e-07     1.57111  0.00338887
  0.565519 -0.0110948   0.652093   0.565941 -0.0114847   0.652096     0.999988   -0.0048696 -2.55502e-17   -0.0048696    -0.999988 -3.16249e-18 -2.54801e-17  3.34094e-18           -1     0.999995  -0.00314406 -2.02756e-09 -0.00314406   -0.999995 1.81532e-07  -2.5983e-09 -1.81525e-07           -1 0.000497846 -0.00174749 0.000499793    -1.57293 6.91859e-07     1.57118   0.0041417
  0.565364 -0.0109519   0.652092  0.565826 -0.011378  0.652095     0.999984  -0.00563795 -2.55501e-17  -0.00563795    -0.999984 -3.14286e-18 -2.5469e-17 3.34944e-18          -1    0.999993 -0.00376668 1.33351e-08 -0.00376668   -0.999993 2.30575e-07  1.24665e-08 -2.30623e-07           -1 0.000600332  -0.0021099 0.000603259    -1.57337 1.04218e-06     1.57126  0.00497028
  0.565198 -0.0107989   0.652091  0.565699 -0.011261  0.652094     0.999979  -0.00646108 -2.55499e-17  -0.00646108    -0.999979 -3.12182e-18 -2.54571e-17  3.35853e-18           -1      0.99999  -0.00444485 -9.02337e-08 -0.00444485    -0.99999 2.86266e-07 -9.15053e-08 -2.85862e-07           -1 0.000712571 -0.00250736  0.00071681    -1.57385 1.51157e-06     1.57135  0.00587425
  0.565021 -0.0106358    0.65209   0.565561 -0.0111337   0.652094     0.999973  -0.00733869 -2.55498e-17 -0.00733869   -0.999973 -3.0994e-18 -2.54444e-17  3.36821e-18           -1     0.999987  -0.00517829 -6.81084e-09 -0.00517829   -0.999987  3.4679e-07 -8.60652e-09  -3.4675e-07           -1 0.000834495 -0.00293969 0.000840448    -1.57438 2.12392e-06     1.57144  0.00685325
  0.564834 -0.0104626   0.652089   0.565412 -0.0109962   0.652093     0.999966  -0.00827049 -2.55496e-17  -0.00827049    -0.999966 -3.07559e-18 -2.54308e-17  3.37848e-18           -1    0.999982 -0.00596669 7.08012e-08 -0.00596669   -0.999982 4.12911e-07  6.83363e-08 -4.13326e-07           -1 0.000966031 -0.00340671 0.000974172    -1.57495 2.90526e-06     1.57154  0.00790692
  0.564635 -0.0102793   0.652088   0.565251 -0.0108485   0.652091     0.999957  -0.00925618 -2.55494e-17  -0.00925618    -0.999957 -3.05041e-18 -2.54165e-17  3.38933e-18           -1    0.999977 -0.00680976  3.7803e-08 -0.00680976   -0.999977 4.85667e-07  3.44948e-08 -4.85913e-07           -1   0.0011071 -0.00390819  0.00111798    -1.57556 3.88329e-06     1.57165  0.00903487
  0.564426 -0.0100861   0.652086    0.56508 -0.0106907    0.65209     0.999947   -0.0102955 -2.55491e-17   -0.0102955    -0.999947 -3.02385e-18 -2.54014e-17  3.40075e-18           -1     0.99997 -0.00770719 2.08073e-08 -0.00770719    -0.99997 5.64065e-07  1.64593e-08 -5.64209e-07           -1  0.00125761  -0.0044439  0.00127187    -1.57621 5.08782e-06     1.57177   0.0102367
 0.564205 -0.009883  0.652085   0.564898 -0.0105228   0.652089     0.999935    -0.011388 -2.55488e-17    -0.011388    -0.999935 -2.99594e-18 -2.53855e-17  3.41274e-18           -1     0.999963  -0.00865871 -9.92152e-08 -0.00865871   -0.999963  6.4921e-07 -1.04833e-07 -6.48327e-07           -1  0.00141747  -0.0050136  0.00143585    -1.57691 6.55073e-06     1.57189   0.0115121
   0.563975 -0.00967003    0.652083   0.564705 -0.0103448   0.652088     0.999921   -0.0125336 -2.55485e-17   -0.0125336    -0.999921 -2.96667e-18 -2.53689e-17   3.4253e-18           -1    0.999953   -0.009664 2.36216e-08   -0.009664   -0.999953 7.37014e-07   1.6498e-08 -7.37208e-07           -1  0.00158659 -0.00561704  0.00160991    -1.57764 8.30566e-06     1.57202   0.0128606
   0.563733 -0.00944726    0.652082   0.564501 -0.0101568   0.652086     0.999906   -0.0137319 -2.55481e-17   -0.0137319    -0.999906 -2.93605e-18 -2.53514e-17  3.43841e-18           -1    0.999943  -0.0107228 1.48527e-08  -0.0107228   -0.999943 8.31645e-07  5.93425e-09 -8.31756e-07           -1  0.00176487 -0.00625397  0.00179407    -1.57841 1.03882e-05     1.57216   0.0142819
   0.563481 -0.00921475     0.65208    0.564287 -0.00995892    0.652085     0.999888   -0.0149825 -2.55476e-17  -0.0149825   -0.999888 -2.9041e-18 -2.53332e-17  3.45207e-18           -1      0.99993   -0.0118347 -3.94928e-08  -0.0118347    -0.99993 9.32562e-07 -5.05267e-08 -9.32029e-07           -1  0.00195221 -0.00692411  0.00198832    -1.57923 1.28354e-05      1.5723   0.0157755
   0.563219 -0.00897254    0.652078    0.564061 -0.00975114    0.652083     0.999867   -0.0162853 -2.55471e-17   -0.0162853    -0.999867 -2.87081e-18 -2.53142e-17  3.46628e-18           -1     0.999916   -0.0129996 -4.36464e-08 -0.0129996  -0.999916 1.0381e-06 -5.71377e-08 -1.03745e-06           -1   0.0021485 -0.00762721  0.00219268    -1.58008 1.56867e-05     1.57245   0.0173411
  0.562946 -0.0087207   0.652076    0.563826 -0.00953354    0.652081     0.999844   -0.0176399 -2.55465e-17  -0.0176399   -0.999844 -2.8362e-18 -2.52944e-17  3.48103e-18           -1     0.999899    -0.014217 -3.03775e-08   -0.014217   -0.999899 1.14851e-06 -4.67029e-08 -1.14796e-06           -1  0.00235365 -0.00836298  0.00240716    -1.58098 1.89831e-05     1.57261   0.0189782
   0.562662 -0.00845928    0.652075    0.563579 -0.00930617     0.65208     0.999819   -0.0190459 -2.55458e-17   -0.0190459    -0.999819 -2.80027e-18 -2.52738e-17  3.49631e-18           -1     0.99988  -0.0154868 8.01849e-08  -0.0154868    -0.99988 1.26206e-06    6.063e-08 -1.26315e-06           -1  0.00256753 -0.00913116  0.00263177    -1.58191 2.27673e-05     1.57278   0.0206865
   0.562369 -0.00818833    0.652073    0.563322 -0.00906908    0.652078      0.99979   -0.0205032 -2.55451e-17   -0.0205032     -0.99979 -2.76304e-18 -2.52525e-17  3.51211e-18           -1    0.999859  -0.0168085 9.86122e-09  -0.0168085   -0.999859 1.38449e-06 -1.34113e-08 -1.38446e-06           -1  0.00279005 -0.00993146  0.00286653    -1.58288  2.7084e-05     1.57295   0.0224656
   0.562065 -0.00790791    0.652071    0.563054 -0.00882232    0.652076     0.999758   -0.0220114 -2.55443e-17   -0.0220114    -0.999758 -2.72451e-18 -2.52304e-17  3.52844e-18           -1   0.999835 -0.0181819 6.7507e-08  -0.0181819   -0.999835 1.50934e-06  4.00532e-08 -1.51032e-06           -1  0.00302108  -0.0107636  0.00311146    -1.58389 3.19794e-05     1.57312   0.0243152
    0.56175 -0.00761807    0.652068    0.562776 -0.00856596    0.652074     0.999722   -0.0235701 -2.55434e-17   -0.0235701    -0.999722 -2.68468e-18 -2.52075e-17  3.54528e-18           -1    0.999808  -0.0196067 9.35771e-08  -0.0196067   -0.999808 1.63973e-06  6.14094e-08 -1.64125e-06           -1  0.00326051  -0.0116273  0.00336658    -1.58493 3.75019e-05     1.57331   0.0262347
   0.561426 -0.00731888    0.652066    0.562488 -0.00830005    0.652072     0.999683   -0.0251792 -2.55424e-17   -0.0251792    -0.999683 -2.64357e-18 -2.51839e-17  3.56263e-18           -1    0.999778  -0.0210826 3.55828e-08  -0.0210826   -0.999778 1.77747e-06 -1.89879e-09 -1.77783e-06           -1  0.00350822  -0.0125223  0.00363192    -1.58602 4.37011e-05     1.57349   0.0282239
   0.561092 -0.00701037    0.652064    0.562189 -0.00802464     0.65207      0.99964   -0.0268382 -2.55413e-17   -0.0268382     -0.99964 -2.60118e-18 -2.51595e-17  3.58047e-18           -1    0.999744  -0.0226092 7.83732e-08  -0.0226092   -0.999744 1.91739e-06  3.50024e-08 -1.91867e-06           -1   0.0037641  -0.0134482  0.00390751    -1.58714 5.06287e-05     1.57369   0.0302823
   0.560747 -0.00669261    0.652062     0.56188 -0.00773979    0.652068     0.999592   -0.0285469 -2.55401e-17   -0.0285469    -0.999592 -2.55752e-18 -2.51343e-17  3.59881e-18           -1    0.999707  -0.0241864 5.29783e-08  -0.0241864   -0.999707 2.06417e-06  3.03798e-09 -2.06485e-06           -1  0.00402801  -0.0144049  0.00419336    -1.58829 5.83381e-05     1.57389   0.0324095
   0.560393 -0.00636565    0.652059    0.561561 -0.00744555    0.652066     0.999541    -0.030305 -2.55387e-17   -0.030305   -0.999541 -2.5126e-18 -2.51084e-17  3.61763e-18           -1    0.999667  -0.0258137 1.47405e-08  -0.0258137   -0.999667 2.21645e-06 -4.24792e-08 -2.21609e-06           -1  0.00429983  -0.0153919  0.00448953    -1.58949 6.68842e-05     1.57409   0.0346052
   0.560029 -0.00602955    0.652057    0.561232 -0.00714197    0.652063     0.999484   -0.0321122 -2.55373e-17   -0.0321122    -0.999484 -2.46643e-18 -2.50817e-17  3.63694e-18           -1    0.999622  -0.0274909 2.72945e-08  -0.0274909   -0.999622 2.37186e-06 -3.79204e-08 -2.37171e-06           -1  0.00457943   -0.016409  0.00479603    -1.59071 7.63237e-05      1.5743    0.036869
   0.559654 -0.00568436    0.652055    0.560893 -0.00682912    0.652061     0.999423   -0.0339681 -2.55357e-17   -0.0339681    -0.999423 -2.41901e-18 -2.50543e-17  3.65671e-18           -1    0.999573  -0.0292177 2.76263e-08  -0.0292177   -0.999573 2.53244e-06 -4.63778e-08 -2.53217e-06           -1 0.00486669  -0.017456 0.00511292   -1.59198 8.6715e-05    1.57452  0.0392004
   0.559271 -0.00533014    0.652052    0.560544 -0.00650704    0.652059    0.999356  -0.0358724 -2.5534e-17   -0.0358724    -0.999356 -2.37035e-18 -2.50261e-17  3.67695e-18           -1     0.99952  -0.0309937 6.89953e-08  -0.0309937    -0.99952 2.69618e-06 -1.46026e-08 -2.69702e-06           -1 0.00516147 -0.0185324 0.00544022   -1.59327 9.8118e-05    1.57474  0.0415991
   0.558877 -0.00496693    0.652049    0.560184 -0.00617579    0.652056     0.999284   -0.0378249 -2.55322e-17   -0.0378249    -0.999284 -2.32046e-18 -2.49971e-17  3.69765e-18           -1    0.999461  -0.0328187 8.54652e-08  -0.0328187   -0.999461 2.86561e-06 -8.62658e-09 -2.86687e-06           -1  0.00546364   -0.019638  0.00577799    -1.59461 0.000110595     1.57497   0.0440647
   0.558473 -0.00459481    0.652047    0.559815 -0.00583542    0.652054     0.999207   -0.0398253 -2.55302e-17   -0.0398253    -0.999207 -2.26935e-18 -2.49674e-17  3.71879e-18           -1    0.999398  -0.0346924 1.26411e-07  -0.0346924   -0.999398 3.03864e-06 2.09168e-08 -3.0412e-06          -1  0.00577305  -0.0207725  0.00612626    -1.59597 0.000124208      1.5752   0.0465968
   0.558061 -0.00421381    0.652044  0.559436 -0.005486  0.652051     0.999123   -0.0418731 -2.55281e-17   -0.0418731    -0.999123 -2.21703e-18 -2.4937e-17 3.74038e-18          -1    0.999329  -0.0366143 1.25751e-07  -0.0366143   -0.999329 3.21828e-06  7.83111e-09 -3.22073e-06           -1  0.00608956  -0.0219355   0.0064851    -1.59737 0.000139023     1.57544    0.049195
 0.557638 -0.003824  0.652041    0.559048 -0.00512756    0.652048     0.999033   -0.0439681 -2.55258e-17  -0.0439681   -0.999033 -2.1635e-18 -2.49057e-17  3.76241e-18           -1    0.999255  -0.0385843 1.27098e-07  -0.0385843   -0.999255 3.40256e-06 -4.28187e-09 -3.40493e-06           -1  0.00641304  -0.0231269  0.00685454     -1.5988 0.000155106     1.57568   0.0518589
   0.557206 -0.00342543    0.652038    0.558649 -0.00476018    0.652046     0.998936     -0.04611 -2.55233e-17     -0.04611    -0.998936 -2.10877e-18 -2.48738e-17  3.78486e-18           -1    0.999175   -0.040602 1.81385e-07  -0.040602  -0.999175 3.5886e-06 3.55311e-08  -3.593e-06          -1  0.00674334  -0.0243461  0.00723465    -1.60027 0.000172526     1.57592   0.0545882
   0.556765 -0.00301815    0.652035   0.558241 -0.0043839   0.652043     0.998833   -0.0482985 -2.55207e-17   -0.0482985    -0.998833 -2.05286e-18 -2.48411e-17  3.80773e-18           -1    0.999089  -0.0426671 2.09239e-07  -0.0426671   -0.999089 3.78043e-06  4.77486e-08 -3.78592e-06           -1   0.0070803  -0.0255931  0.00762548    -1.60176 0.000191353     1.57617   0.0573823
   0.556314 -0.00260223    0.652032    0.557824 -0.00399878     0.65204     0.998722   -0.0505332 -2.55178e-17   -0.0505332    -0.998722 -1.99576e-18 -2.48076e-17  3.83101e-18           -1    0.998997  -0.0447793 1.36827e-07  -0.0447793   -0.998997 3.98294e-06 -4.16638e-08 -3.98507e-06           -1  0.00742377  -0.0268673  0.00802709    -1.60329 0.000211658     1.57642   0.0602411
  0.555854 -0.0021777   0.652029    0.557397 -0.00360488    0.652037     0.998604   -0.0528139 -2.55148e-17   -0.0528139    -0.998604 -1.93749e-18 -2.47734e-17   3.8547e-18           -1   0.998898 -0.0469383 1.2632e-07  -0.0469383   -0.998898 4.18658e-06 -7.03302e-08  -4.1879e-06           -1   0.0077736  -0.0281686  0.00843955    -1.60485 0.000233514     1.57668   0.0631639
   0.555384 -0.00174464    0.652026     0.55696 -0.00320224    0.652034     0.998479   -0.0551401 -2.55116e-17   -0.0551401    -0.998479 -1.87805e-18 -2.47385e-17  3.87878e-18           -1    0.998792  -0.0491437 2.16983e-07 -0.0491437  -0.998792  4.388e-06  1.07891e-09 -4.39336e-06           -1  0.00812963  -0.0294966  0.00886292    -1.60644 0.000256996     1.57694   0.0661506
   0.554906 -0.00130309    0.652023    0.556514 -0.00279092    0.652031     0.998345   -0.0575116 -2.55082e-17   -0.0575116    -0.998345 -1.81746e-18 -2.47028e-17  3.90325e-18           -1   0.998678 -0.0513952 3.3274e-07  -0.0513952   -0.998678 4.59175e-06  9.63065e-08 -4.60278e-06           -1  0.00849169  -0.0308509  0.00929727    -1.60806 0.000282182     1.57721   0.0692006
   0.554418 -0.00085311     0.65202    0.556059 -0.00237099    0.652028     0.998203   -0.0599281 -2.55045e-17   -0.0599281    -0.998203 -1.75572e-18 -2.46664e-17   3.9281e-18           -1    0.998558  -0.0536925 2.65541e-07  -0.0536925   -0.998558 4.81287e-06   6.7425e-09 -4.82018e-06           -1  0.00885962  -0.0322313  0.00974269    -1.60971 0.000309148     1.57748   0.0723135
    0.553921 -0.000394752     0.652017    0.555594 -0.00194248    0.652024     0.998052   -0.0623892 -2.55007e-17   -0.0623892    -0.998052 -1.69283e-18 -2.46292e-17  3.95332e-18           -1    0.998429  -0.0560353 2.94006e-07 -0.0560353  -0.998429 5.0321e-06   1.1569e-08 -5.04067e-06           -1  0.00923325  -0.0336375   0.0101992    -1.61138 0.000337975     1.57775   0.0754891
   0.553415 7.19279e-05    0.652013     0.55512 -0.00150546    0.652021     0.997892   -0.0648946 -2.54966e-17   -0.0648946    -0.997892 -1.62882e-18 -2.45913e-17  3.97891e-18           -1    0.998292  -0.0584233 3.39782e-07  -0.0584233   -0.998292 5.25415e-06  3.22368e-08 -5.26503e-06           -1  0.00961241  -0.0350691    0.010667    -1.61309 0.000368744     1.57802   0.0787268
     0.5529 0.000546875     0.65201    0.554637 -0.00105998    0.652018     0.997723   -0.0674439 -2.54923e-17   -0.0674439    -0.997723 -1.56368e-18 -2.45527e-17  4.00485e-18           -1    0.998147  -0.0608561 3.18923e-07 -0.0608561  -0.998147  5.486e-06 -1.55242e-08 -5.49524e-06           -1  0.00999691  -0.0365258   0.0111461    -1.61482 0.000401538      1.5783   0.0820263
  0.552377 0.00103003   0.652006     0.554145 -0.000606101     0.652014     0.997544   -0.0700369 -2.54877e-17   -0.0700369    -0.997544 -1.49743e-18 -2.45133e-17  4.03114e-18           -1    0.997992  -0.0633334 3.81249e-07 -0.0633334  -0.997992 5.7156e-06  1.84951e-08 -5.72827e-06           -1   0.0103866  -0.0380073   0.0116365    -1.61659 0.000436443     1.57858   0.0853871
  0.551844 0.00152135   0.652003    0.553644 -0.00014387    0.652011     0.997356   -0.0726732 -2.54829e-17   -0.0726732    -0.997356 -1.43007e-18 -2.44732e-17  4.05776e-18           -1    0.997829  -0.0658549 4.46152e-07  -0.0658549   -0.997829 5.94909e-06  5.34068e-08 -5.96556e-06           -1   0.0107812  -0.0395133   0.0121385    -1.61838 0.000473546     1.57887    0.088809
  0.551303 0.00202077   0.651999    0.553133 0.000326654    0.652007     0.997157   -0.0753524 -2.54778e-17   -0.0753524    -0.997157 -1.36162e-18 -2.44323e-17  4.08472e-18           -1    0.997657  -0.0684202 4.29275e-07  -0.0684202   -0.997657 6.19453e-06   4.4379e-09 -6.20939e-06           -1   0.0111806  -0.0410434    0.012652    -1.62019 0.000512934     1.57915   0.0922914
  0.550753 0.00252824   0.651996    0.552614 0.000805418    0.652004     0.996948   -0.0780743 -2.54725e-17   -0.0780743    -0.996948 -1.29207e-18 -2.43908e-17    4.112e-18           -1    0.997474   -0.071029 3.61124e-07   -0.071029   -0.997474 6.44994e-06 -9.79204e-08 -6.45929e-06           -1   0.0115846  -0.0425974   0.0131773    -1.62203 0.000554697     1.57944    0.095834
 0.550194 0.0030437  0.651992   0.552086 0.00129237      0.652     0.996727   -0.0808384 -2.54668e-17   -0.0808384    -0.996727 -1.22145e-18 -2.43485e-17  4.13959e-18           -1    0.997282   -0.073681 3.97979e-07   -0.073681   -0.997282 6.70001e-06 -9.67664e-08 -6.71112e-06           -1    0.011993  -0.0441749   0.0137143     -1.6239 0.000598929     1.57973   0.0994364
 0.549627 0.0035671  0.651988    0.55155 0.00178745   0.651997     0.996496   -0.0836445 -2.54609e-17   -0.0836445    -0.996496 -1.14975e-18 -2.43054e-17  4.16749e-18           -1    0.997079  -0.0763758 5.69707e-07  -0.0763758   -0.997079 6.94036e-06 3.79667e-08 -6.9636e-06          -1   0.0124056  -0.0457755   0.0142632     -1.6258 0.000645722     1.58002    0.103098
  0.549051 0.00409839   0.651984  0.551004 0.0022906  0.651993     0.996253   -0.0864921 -2.54547e-17   -0.0864921    -0.996253 -1.07699e-18 -2.42617e-17  4.19569e-18           -1    0.996866  -0.0791132 6.76314e-07  -0.0791132   -0.996866 7.19137e-06  1.05262e-07 -7.22234e-06           -1   0.0128221   -0.047399   0.0148242    -1.62771 0.000695174     1.58032    0.106819
 0.548467 0.0046375   0.65198    0.55045 0.00280178   0.651989     0.995998    -0.089381 -2.54482e-17    -0.089381    -0.995998 -1.00318e-18 -2.42172e-17  4.22417e-18           -1    0.996641  -0.0818926 6.17882e-07  -0.0818926   -0.996641 7.46541e-06   4.4442e-09 -7.49094e-06           -1  0.0132424 -0.0490451  0.0153973   -1.62966 0.00074738    1.58062   0.110598
  0.547874 0.00518439   0.651976   0.549887 0.00332092   0.651985      0.99573   -0.0923108 -2.54414e-17   -0.0923108     -0.99573 -9.28323e-19 -2.41719e-17  4.25293e-18           -1    0.996405  -0.0847139 6.71834e-07  -0.0847139   -0.996405 7.73215e-06  1.43982e-08 -7.76126e-06           -1   0.0136662  -0.0507133   0.0159828    -1.63162 0.000802441     1.58092    0.114436
0.547273 0.005739 0.651972   0.549315 0.00384797   0.651981      0.99545   -0.0952811 -2.54342e-17  -0.0952811    -0.99545 -8.5243e-19 -2.4126e-17 4.28196e-18          -1    0.996158  -0.0875767 6.37636e-07 -0.0875767  -0.996158 8.0136e-06 -6.66185e-08 -8.03865e-06           -1   0.0140932  -0.0524035   0.0165806    -1.63361 0.000860459     1.58122    0.118331
  0.546663 0.00630127   0.651968   0.548735 0.00438288   0.651977     0.995158   -0.0982916 -2.54267e-17  -0.0982916   -0.995158 -7.7551e-19 -2.40793e-17  4.31125e-18           -1    0.995898  -0.0904806 7.80849e-07  -0.0904806   -0.995898 8.27855e-06  2.85983e-08 -8.31525e-06           -1   0.0145233  -0.0541153    0.017191    -1.63563 0.000921538     1.58152    0.122284
  0.546045 0.00687116   0.651964   0.548147 0.00492559   0.651973     0.994852    -0.101342 -2.54189e-17    -0.101342    -0.994852 -6.97572e-19 -2.40319e-17  4.34079e-18           -1   0.995626 -0.0934252 7.8599e-07  -0.0934252   -0.995626 8.56498e-06 -1.76332e-08 -8.60095e-06           -1   0.0149562  -0.0558483   0.0178141    -1.63766 0.000985785     1.58182    0.126293
  0.54542 0.0074486   0.65196    0.54755 0.00547605   0.651969     0.994532    -0.104432 -2.54108e-17    -0.104432    -0.994532 -6.18626e-19 -2.39838e-17  4.37058e-18           -1    0.995342  -0.0964102 9.10505e-07  -0.0964102   -0.995342 8.84128e-06  5.38741e-08 -8.88788e-06           -1  0.0153916 -0.0576023  0.0184501   -1.63972 0.00105331    1.58213   0.130359
  0.544786 0.00803354   0.651956  0.546945 0.0060342  0.651965     0.994199    -0.107561 -2.54022e-17    -0.107561    -0.994199 -5.38681e-19 -2.3935e-17  4.4006e-18          -1    0.995044  -0.0994353 8.38696e-07  -0.0994353   -0.995044 9.14837e-06 -7.51312e-08 -9.18643e-06           -1  0.0158293 -0.0593769  0.0190992    -1.6418 0.00112421    1.58243   0.134482
  0.544143 0.00862592   0.651952 0.546331   0.0066 0.651961     0.993851    -0.110728 -2.53934e-17    -0.110728    -0.993851 -4.57745e-19 -2.38855e-17  4.43085e-18           -1    0.994733     -0.1025 9.56394e-07     -0.1025   -0.994733 9.43559e-06 -1.57925e-08 -9.48392e-06           -1  0.0162689 -0.0611718  0.0197614    -1.6439 0.00119862    1.58274    0.13866
 0.543493 0.0092257  0.651947    0.54571 0.00717337   0.651956     0.993488    -0.113934 -2.53841e-17    -0.113934    -0.993488 -3.75829e-19 -2.38352e-17  4.46131e-18           -1    0.994408   -0.105604 9.47407e-07   -0.105604   -0.994408 9.74507e-06 -8.70126e-08 -9.79063e-06           -1  0.0167103 -0.0629866   0.020437   -1.64602 0.00127664    1.58304   0.142893
  0.542835 0.00983281   0.651943    0.54508 0.00775427   0.651952     0.993111    -0.117178 -2.53745e-17    -0.117178    -0.993111 -2.92942e-19 -2.37842e-17  4.49198e-18           -1    0.994069   -0.108747 1.07845e-06 -0.108747 -0.994069 1.004e-05 -1.97674e-08 -1.00977e-05           -1  0.0171531 -0.0648212  0.0211262   -1.64816 0.00135838    1.58335   0.147181
 0.542169 0.0104472  0.651939   0.544442 0.00834265   0.651948     0.992718     -0.12046 -2.53644e-17     -0.12046    -0.992718 -2.09094e-19 -2.37325e-17  4.52285e-18           -1    0.993716   -0.111929 1.14362e-06   -0.111929   -0.993716 1.03493e-05 -2.19573e-08 -1.04123e-05           -1   0.017597 -0.0666751  0.0218292   -1.65032 0.00144399    1.58366   0.151523
 0.541496 0.0110688  0.651934   0.543796 0.00893844   0.651943     0.99231   -0.123779 -2.5354e-17    -0.123779     -0.99231 -1.24293e-19 -2.36801e-17  4.55391e-18           -1    0.993348   -0.115149 1.18024e-06   -0.115149   -0.993348 1.06689e-05 -5.61286e-08 -1.07338e-05           -1  0.0180418  -0.068548  0.0225461    -1.6525 0.00153356    1.58396    0.15592
 0.540814 0.0116976   0.65193  0.543142 0.0095416  0.651939     0.991885    -0.127135 -2.53431e-17    -0.127135    -0.991885 -3.85499e-20 -2.3627e-17 4.58514e-18          -1   0.992965  -0.118407 1.3427e-06   -0.118407   -0.992965 1.09741e-05  3.38445e-08 -1.10559e-05           -1   0.018487 -0.0704397  0.0232773   -1.65469 0.00162724    1.58427    0.16037
 0.540125 0.0123335  0.651925   0.54248 0.0101521  0.651934     0.991445    -0.130527 -2.53319e-17  -0.130527  -0.991445 4.8126e-20 -2.35732e-17  4.61655e-18           -1    0.992567   -0.121702 1.43913e-06   -0.121702   -0.992567 1.12953e-05  5.37746e-08 -1.13864e-05           -1  0.0189324 -0.0723497  0.0240228   -1.65691 0.00172515    1.58458   0.164873
 0.539428 0.0129765   0.65192   0.54181 0.0107698   0.65193     0.990987    -0.133956 -2.53202e-17   -0.133956   -0.990987 1.35725e-19 -2.35187e-17  4.64812e-18           -1    0.992152   -0.125035 1.49077e-06   -0.125035   -0.992152 1.16299e-05 2.49367e-08 -1.1725e-05          -1  0.0193776 -0.0742779  0.0247829   -1.65914 0.00182741    1.58489   0.169429
 0.538723 0.0136265  0.651916  0.541133 0.0113947  0.651925     0.990513     -0.13742 -2.53081e-17    -0.13742   -0.990513 2.24237e-19 -2.34634e-17  4.67984e-18           -1   0.991722  -0.128404 1.4229e-06   -0.128404   -0.991722 1.19916e-05 -1.28646e-07  -1.2075e-05           -1  0.0198222 -0.0762239   0.025558   -1.66139 0.00193418    1.58519   0.174038
 0.538011 0.0142834  0.651911  0.540447 0.0120268   0.65192     0.990021     -0.14092 -2.52955e-17    -0.14092   -0.990021 3.13652e-19 -2.34075e-17  4.71171e-18           -1    0.991275    -0.13181 1.62984e-06    -0.13181   -0.991275 1.23111e-05 -7.09904e-09 -1.24185e-05           -1   0.020266 -0.0781873  0.0263482   -1.66366 0.00204557     1.5855   0.178698
 0.537292 0.0149473  0.651906 0.539754 0.012666 0.651916     0.989512    -0.144454 -2.52825e-17   -0.144454   -0.989512 4.03961e-19 -2.33509e-17  4.74371e-18           -1   0.990811  -0.135251 1.8007e-06   -0.135251   -0.990811 1.26416e-05  7.43658e-08 -1.27689e-05           -1  0.0207084 -0.0801679  0.0271537   -1.66595 0.00216175    1.58581   0.183409
 0.536565 0.0156179  0.651901  0.539054 0.0133121  0.651911    0.988984   -0.148023 -2.5269e-17   -0.148023   -0.988984 4.95153e-19 -2.32935e-17  4.77583e-18           -1     0.99033   -0.138728 1.84507e-06   -0.138728    -0.99033 1.30024e-05  2.34257e-08 -1.31326e-05           -1  0.0211492 -0.0821654   0.027975   -1.66825 0.00228284    1.58611   0.188172
  0.53583 0.0162954  0.651896  0.538346 0.0139653  0.651906     0.988438    -0.151626 -2.52551e-17   -0.151626   -0.988438 5.87218e-19 -2.32355e-17  4.80807e-18           -1    0.989832   -0.142241 1.92799e-06   -0.142241   -0.989832 1.33634e-05  7.55884e-09 -1.35018e-05           -1  0.0215879 -0.0841794  0.0288122   -1.67056   0.002409    1.58642   0.192985
 0.535089 0.0169796  0.651892   0.53763 0.0146254  0.651901     0.987873    -0.155263 -2.52406e-17   -0.155263   -0.987873 6.80145e-19 -2.31768e-17  4.84041e-18           -1    0.989316   -0.145788 1.97934e-06   -0.145788   -0.989316 1.37373e-05 -4.45472e-08 -1.38791e-05           -1  0.0220241 -0.0862096  0.0296656   -1.67289 0.00254038    1.58672   0.197848
  0.53434 0.0176705  0.651887  0.536907 0.0152924  0.651896     0.987289    -0.158934 -2.52257e-17   -0.158934   -0.987289 7.73926e-19 -2.31174e-17  4.87285e-18           -1    0.988781    -0.14937 2.03833e-06    -0.14937   -0.988781 1.41169e-05 -9.31674e-08  -1.4263e-05           -1  0.0224573 -0.0882559  0.0305356   -1.67524 0.00267715    1.58702   0.202761
0.533584 0.018368 0.651882  0.536176 0.0159662  0.651891     0.986686    -0.162637 -2.52103e-17   -0.162637   -0.986686 8.68549e-19 -2.30572e-17  4.90538e-18           -1    0.988228   -0.152985 2.14341e-06   -0.152985   -0.988228 1.44945e-05 -9.92611e-08 -1.46518e-05           -1  0.0228871 -0.0903177  0.0314225    -1.6776 0.00281945    1.58732   0.207723
 0.532821 0.0190721  0.651877  0.535438 0.0166468  0.651886     0.986063    -0.166373 -2.51944e-17   -0.166373   -0.986063 9.64004e-19 -2.29964e-17  4.93798e-18           -1    0.987657   -0.156634 2.33933e-06   -0.156634   -0.987657 1.48598e-05 -1.70964e-08 -1.50428e-05           -1  0.0233131 -0.0923949  0.0323266   -1.67997 0.00296745    1.58762   0.212734
 0.532051 0.0197827  0.651871 0.534693 0.017334 0.651881      0.98542    -0.170141 -2.51779e-17   -0.170141    -0.98542 1.06028e-18 -2.2935e-17 4.97065e-18          -1    0.987066   -0.160317 2.32803e-06   -0.160317   -0.987066 1.52773e-05 -1.51298e-07 -1.54529e-05           -1  0.0237347 -0.0944872  0.0332482   -1.68236 0.00312132    1.58792   0.217793
 0.531273 0.0204997  0.651866 0.533941 0.018028 0.651876    0.984756   -0.173941 -2.5161e-17   -0.173941   -0.984756 1.15737e-18 -2.28728e-17  5.00338e-18           -1    0.986455   -0.164032 2.48799e-06   -0.164032   -0.986455 1.56659e-05 -1.15431e-07 -1.58618e-05           -1  0.0241515 -0.0965942  0.0341878   -1.68476 0.00328124    1.58822     0.2229
 0.530489 0.0212232  0.651861  0.533181 0.0187285  0.651871     0.984072    -0.177772 -2.51435e-17   -0.177772   -0.984072 1.25525e-18 -2.28099e-17  5.03616e-18           -1    0.985824    -0.16778 2.77385e-06    -0.16778   -0.985824 1.60328e-05  4.45475e-08 -1.62709e-05           -1  0.0245628 -0.0987157  0.0351457   -1.68717 0.00344739    1.58851   0.228054
0.529698 0.021953 0.651856  0.532415 0.0194356  0.651866     0.983366    -0.181634 -2.51255e-17   -0.181634   -0.983366 1.35393e-18 -2.27464e-17  5.06898e-18           -1    0.985174    -0.17156 2.87166e-06    -0.17156   -0.985174 1.64512e-05  6.71678e-09 -1.66999e-05           -1  0.0249683  -0.100851  0.0361222   -1.68959 0.00361994    1.58881   0.233255
   0.5289 0.0226891  0.651851  0.531641 0.0201491   0.65186     0.982639    -0.185527 -2.51069e-17   -0.185527   -0.982639 1.45339e-18 -2.26822e-17  5.10183e-18           -1    0.984502   -0.175371 2.93863e-06   -0.175371   -0.984502 1.68866e-05 -6.83368e-08 -1.71403e-05           -1  0.0253673  -0.103001  0.0371179   -1.69203 0.00379909     1.5891   0.238502
 0.528096 0.0234314  0.651845  0.530861 0.0208691  0.651855     0.981891    -0.189449 -2.50878e-17   -0.189449   -0.981891 1.55361e-18 -2.26173e-17   5.1347e-18           -1     0.98381   -0.179214 3.03608e-06  -0.179214   -0.98381 1.7324e-05 -1.17767e-07 -1.75876e-05           -1  0.0257593  -0.105164  0.0381331   -1.69447 0.00398503    1.58939   0.243795
0.527284  0.02418  0.65184  0.530073 0.0215955   0.65185      0.98112    -0.193402 -2.50681e-17   -0.193402    -0.98112 1.65459e-18 -2.25517e-17  5.16758e-18           -1   0.983097  -0.183087 3.2241e-06   -0.183087   -0.983097 1.77477e-05 -7.97634e-08  -1.8038e-05           -1  0.0261437  -0.107341  0.0391682   -1.69693 0.00417796    1.58967   0.249133
 0.526466 0.0249346  0.651834  0.529279 0.0223282  0.651844     0.980326    -0.197383 -2.50478e-17   -0.197383   -0.980326 1.75632e-18 -2.24855e-17  5.20046e-18           -1    0.982362   -0.186991 3.31635e-06   -0.186991   -0.982362 1.82054e-05  -1.4638e-07 -1.85044e-05           -1  0.0265198   -0.10953  0.0402238    -1.6994 0.00437809    1.58996   0.254517
 0.525642 0.0256954  0.651829  0.528478 0.0230672  0.651839     0.97951   -0.201393 -2.5027e-17   -0.201393    -0.97951 1.85878e-18 -2.24186e-17  5.23334e-18           -1    0.981605   -0.190924 3.47912e-06   -0.190924   -0.981605 1.86547e-05 -1.46512e-07 -1.89758e-05           -1   0.026887  -0.111732  0.0413002   -1.70188 0.00458562    1.59024   0.259944
 0.524811 0.0264621  0.651823   0.52767 0.0238124  0.651833     0.978671    -0.205432 -2.50055e-17   -0.205432   -0.978671 1.96197e-18 -2.2351e-17  5.2662e-18          -1    0.980826   -0.194887 3.65366e-06   -0.194887   -0.980826 1.91106e-05 -1.40803e-07 -1.94562e-05           -1  0.0272447  -0.113947   0.042398   -1.70436 0.00480078    1.59052   0.265416
 0.523973 0.0272349  0.651818  0.526855 0.0245637  0.651828     0.977809    -0.209498 -2.49835e-17   -0.209498   -0.977809 2.06587e-18 -2.22828e-17  5.29903e-18           -1    0.980024   -0.198879 3.78781e-06   -0.198879   -0.980024 1.95887e-05 -1.83633e-07 -1.99507e-05           -1 0.0275922 -0.116174 0.0435177  -1.70686 0.0050238   1.59079   0.27093
 0.523129 0.0280135  0.651812  0.526034 0.0253212  0.651822     0.976923    -0.213592 -2.49608e-17   -0.213592   -0.976923 2.17047e-18 -2.22139e-17  5.33183e-18           -1      0.9792     -0.2029 4.05033e-06    -0.2029    -0.9792 2.0042e-05  -1.0043e-07 -2.04469e-05           -1  0.0279287  -0.118413  0.0446597   -1.70936 0.00525489    1.59107   0.276488
0.522279 0.028798 0.651807  0.525206 0.0260847  0.651816     0.976013    -0.217713 -2.49376e-17   -0.217713   -0.976013 2.27576e-18 -2.21443e-17  5.36458e-18           -1    0.978352   -0.206948 4.14928e-06  -0.206948  -0.978352 2.0552e-05 -1.93755e-07 -2.09658e-05           -1  0.0282536  -0.120663  0.0458247   -1.71188 0.00549431    1.59134   0.282088
 0.521422 0.0295883  0.651801  0.524372 0.0268542  0.651811     0.975078     -0.22186 -2.49137e-17    -0.22186   -0.975078 2.38173e-18 -2.20741e-17  5.39727e-18           -1    0.977481   -0.211025 4.39392e-06   -0.211025   -0.977481 2.10322e-05 -1.43347e-07 -2.14858e-05           -1 0.0285661 -0.122925 0.0470132   -1.7144 0.0057423    1.5916  0.287729
 0.520559 0.0303844  0.651795  0.523532 0.0276297  0.651805     0.974119    -0.226034 -2.48892e-17   -0.226034   -0.974119 2.48836e-18 -2.20033e-17   5.4299e-18           -1    0.976586   -0.215129 4.49037e-06   -0.215129   -0.976586 2.15685e-05 -2.54787e-07 -2.20295e-05           -1  0.0288654  -0.125198  0.0482258   -1.71693 0.00599911    1.59187   0.293412
  0.51969 0.0311861  0.651789 0.522685 0.028411 0.651799     0.973136    -0.230233 -2.48641e-17   -0.230233   -0.973136 2.59566e-18 -2.19318e-17  5.46246e-18           -1    0.975667    -0.21926 4.72915e-06    -0.21926   -0.975667 2.20752e-05 -2.26118e-07 -2.25749e-05           -1 0.0291507 -0.127482 0.0494631  -1.71946  0.006265   1.59213  0.299135
 0.518815 0.0319935  0.651784  0.521831 0.0291982  0.651793     0.972126    -0.234458 -2.48383e-17   -0.234458   -0.972126 2.70359e-18 -2.18596e-17  5.49494e-18           -1    0.974723   -0.223417 4.95596e-06   -0.223417   -0.974723 2.25972e-05 -2.17899e-07 -2.31332e-05           -1  0.0294212  -0.129777  0.0507256     -1.722 0.00654025    1.59239   0.304898
 0.517934 0.0328065  0.651778  0.520972 0.0299912  0.651788     0.971092    -0.238707 -2.48119e-17   -0.238707   -0.971092 2.81216e-18 -2.17868e-17  5.52732e-18           -1    0.973755     -0.2276 5.12262e-06     -0.2276   -0.973755 2.31513e-05 -2.81047e-07 -2.37096e-05           -1   0.029676  -0.132081  0.0520141   -1.72455 0.00682513    1.59264   0.310701
0.517047 0.033625 0.651772  0.520106 0.0307899  0.651782     0.970031     -0.24298 -2.47848e-17    -0.24298   -0.970031 2.92135e-18 -2.17134e-17   5.5596e-18           -1    0.972762   -0.231808 5.27852e-06   -0.231808   -0.972762 2.37231e-05 -3.64478e-07 -2.43006e-05           -1  0.0299143  -0.134396  0.0533292    -1.7271 0.00711993    1.59289   0.316542
0.516154 0.034449 0.651766  0.519234 0.0315943  0.651776    0.968945   -0.247277 -2.4757e-17   -0.247277   -0.968945 3.03115e-18 -2.16394e-17  5.59177e-18           -1    0.971743   -0.236042 5.52723e-06   -0.236042   -0.971743 2.42797e-05 -3.59969e-07 -2.48982e-05           -1   0.030135  -0.136721  0.0546717   -1.72966 0.00742495    1.59314   0.322422
 0.515255 0.0352784   0.65176  0.518356 0.0324042   0.65177     0.967832    -0.251598 -2.47286e-17   -0.251598   -0.967832 3.14154e-18 -2.15647e-17  5.62382e-18           -1    0.970699     -0.2403 5.70109e-06     -0.2403   -0.970699 2.48761e-05 -4.43677e-07 -2.55171e-05           -1 0.0303373 -0.139056 0.0560421  -1.73223 0.0077405   1.59338   0.32834
  0.51435 0.0361131  0.651754  0.517472 0.0332198  0.651764     0.966692    -0.255942 -2.46994e-17   -0.255942   -0.966692 3.25252e-18 -2.14894e-17  5.65574e-18           -1    0.969629   -0.244582 5.98371e-06   -0.244582   -0.969629 2.54513e-05 -4.22954e-07 -2.61418e-05           -1  0.0305202    -0.1414  0.0574413    -1.7348 0.00806689    1.59362   0.334294
 0.513439 0.0369532  0.651748  0.516582 0.0340408  0.651758     0.965526    -0.260308 -2.46696e-17   -0.260308   -0.965526 3.36408e-18 -2.14134e-17  5.68752e-18           -1    0.968532   -0.248888 6.21712e-06   -0.248888   -0.968532 2.60582e-05   -4.641e-07 -2.67856e-05           -1  0.0306826  -0.143753    0.05887   -1.73737 0.00840445    1.59386   0.340285
 0.512523 0.0377985  0.651742  0.515686 0.0348673  0.651751     0.964332    -0.264696 -2.46391e-17   -0.264696   -0.964332 3.47619e-18 -2.13369e-17  5.71916e-18           -1    0.967409   -0.253217 6.36934e-06   -0.253217   -0.967409 2.67121e-05 -6.02208e-07 -2.74544e-05           -1  0.0308236  -0.146115   0.060329   -1.73995 0.00875352    1.59409   0.346312
 0.511601 0.0386491  0.651736  0.514784 0.0356992  0.651745     0.963111    -0.269105 -2.46079e-17   -0.269105   -0.963111 3.58885e-18 -2.12597e-17  5.75063e-18           -1     0.96626   -0.257569 6.75444e-06   -0.257569    -0.96626 2.72981e-05 -5.04603e-07 -2.81168e-05           -1   0.030942  -0.148486  0.0618192   -1.74253 0.00911444    1.59432   0.352374
