  0.566779 -0.0119887   0.651265   0.566779 -0.0119887   0.651265    0.999998   0.0011006 -0.00161766   0.00110058    -0.999999 -1.25173e-05 -0.00161767 1.07369e-05   -0.999999    0.999998   0.0011006 -0.00161766   0.00110058    -0.999999 -1.25173e-05 -0.00161767 1.07369e-05   -0.999999 -5.00679e-06  0.000837803            0     -1.57153  1.07288e-05      1.57075  -0.00110561
  0.566773 -0.0119832   0.651265   0.566777 -0.0119885   0.651269    0.999998  0.00107118 -0.00161763   0.00107116    -0.999999 -1.24933e-05 -0.00161765 1.07606e-05   -0.999999    0.999998  0.00109535 -0.00160979  0.00109534   -0.999999 -1.2738e-05  -0.0016098 1.09747e-05   -0.999999 -4.76837e-06   0.00083375  2.38419e-07     -1.57153  1.09673e-05      1.57075  -0.00109988
  0.566755 -0.0119669   0.651265   0.566981 -0.0119719   0.650654    0.999998 0.000983101 -0.00161756  0.000983082           -1 -1.24216e-05 -0.00161757 1.08313e-05   -0.999999    0.999994  0.00220329 -0.00280971   0.00220323    -0.999998 -2.38322e-05 -0.00280976 1.76416e-05   -0.999996 4.76837e-07  0.00143957           0    -1.57208  1.7643e-05     1.57071 -0.00220281
  0.566725 -0.0119397   0.651265   0.567009 -0.0119667   0.650546    0.999998 0.000836669 -0.00161744   0.00083665           -1 -1.23022e-05 -0.00161745  1.0949e-05   -0.999999    0.999993  0.00216752 -0.00301689   0.00216745    -0.999998 -2.60669e-05 -0.00301694 1.95278e-05   -0.999995 4.76837e-06  0.00152898 5.48363e-06     -1.5722 1.95503e-05     1.57071 -0.00215727
  0.566684 -0.0119017   0.651265   0.567003 -0.0119526   0.650509    0.999998 0.000632175 -0.00161728  0.000632156           -1 -1.21356e-05 -0.00161729 1.11132e-05   -0.999999    0.999993  0.00206977 -0.00308747    0.0020697    -0.999998 -2.75195e-05 -0.00308752 2.11292e-05   -0.999995 2.02656e-05  0.00150919 1.74046e-05     -1.5723 2.12193e-05     1.57072  -0.0020321
 0.566631 -0.011853  0.651265  0.566982 -0.011928  0.650482    0.999999 0.000369914 -0.00161707 0.000369895          -1 -1.1922e-05 -0.00161707 1.13238e-05   -0.999999    0.999993  0.00191289 -0.00313897   0.00191282    -0.999998 -2.72579e-05 -0.00313902 2.12534e-05   -0.999995 4.12464e-05  0.00144386 4.41074e-05    -1.57244 2.14577e-05     1.57074 -0.00182754
  0.566567 -0.0117936   0.651264   0.566949 -0.0118929   0.650456    0.999999 5.01804e-05 -0.00161681  5.01616e-05           -1 -1.16616e-05 -0.00161681 1.15805e-05   -0.999999    0.999993  0.00169736 -0.00318785   0.00169728    -0.999999 -2.74397e-05 -0.00318789 2.20289e-05   -0.999995 7.43866e-05  0.00134063 7.86781e-05    -1.57262 2.24113e-05     1.57077  -0.0015443
  0.566491 -0.0117236   0.651264  0.566904 -0.011847  0.650431     0.999999 -0.000326731  -0.00161651  -0.00032675           -1 -1.13547e-05 -0.00161651 1.18829e-05   -0.999999    0.999994  0.00142389 -0.00323507   0.00142381    -0.999999 -2.71047e-05  -0.0032351 2.24984e-05   -0.999995 0.000113487  0.00119972 0.000128269    -1.57284 2.31266e-05     1.57081 -0.00118214
 0.566403 -0.011643  0.651264 0.566847 -0.01179 0.650407     0.999998 -0.000760525  -0.00161616 -0.000760544           -1 -1.10017e-05 -0.00161615 1.22309e-05   -0.999999    0.999994  0.00109368 -0.00328038    0.0010936    -0.999999 -2.69434e-05  -0.0032804 2.33558e-05   -0.999995  0.000165224   0.00102019  0.000186205     -1.57311  2.43187e-05      1.57085 -0.000742257
  0.566305 -0.0115519   0.651263  0.566778 -0.011722  0.650385    0.999998 -0.00125091 -0.00161577  -0.00125093    -0.999999 -1.06029e-05 -0.00161575 1.26241e-05   -0.999999    0.999994 0.000706727 -0.00332211  0.000706643           -1 -2.67019e-05 -0.00332213 2.43542e-05   -0.999994  0.000223637  0.000801325  0.000258684     -1.57342  2.57492e-05       1.5709 -0.000224411
  0.566194 -0.0114504   0.651263   0.566696 -0.0116429   0.650366    0.999997 -0.00179758 -0.00161533   -0.0017976    -0.999998 -1.01584e-05 -0.00161531 1.30621e-05   -0.999999    0.999994 0.000263505 -0.00335813  0.000263418           -1 -2.63574e-05 -0.00335814 2.54727e-05   -0.999994 0.000294685 0.000542641 0.000339508    -1.57378 2.74181e-05     1.57096 0.000370681
  0.566073 -0.0113384   0.651263   0.566601 -0.0115532   0.650351    0.999996 -0.00240026 -0.00161484  -0.00240028    -0.999997 -9.66876e-06 -0.00161482 1.35448e-05   -0.999999     0.999994 -0.000235986    -0.003387 -0.000236075           -1    -2.59e-05 -0.00338699 2.66994e-05   -0.999994  0.00037241 0.000243664  0.00043416    -1.57417 2.93255e-05     1.57103  0.00104254
   0.56594 -0.0112161   0.651262   0.566493 -0.0114523   0.650341    0.999994 -0.00305863 -0.00161432  -0.00305865    -0.999995 -9.13415e-06 -0.00161428 1.40717e-05   -0.999999     0.999994 -0.000791029  -0.00340633 -0.000791118           -1 -2.48405e-05 -0.00340631 2.75351e-05   -0.999994  0.000463247 -9.60827e-05  0.000537157     -1.57461  3.09944e-05       1.5711   0.00179142
  0.565796 -0.0110835   0.651261   0.566372 -0.0113409   0.650335    0.999992 -0.00377242 -0.00161374  -0.00377244    -0.999993 -8.55495e-06  -0.0016137 1.46426e-05   -0.999999    0.999993 -0.00140186 -0.00341613  -0.00140195    -0.999999 -2.34148e-05 -0.00341609 2.82039e-05   -0.999994   0.00056076 -0.000476599  0.000653505     -1.57508  3.26633e-05      1.57119   0.00261611
  0.565642 -0.0109407   0.651261   0.566238 -0.0112185   0.650335    0.999988 -0.00454131 -0.00161312  -0.00454133     -0.99999 -7.93148e-06 -0.00161307 1.52571e-05   -0.999999    0.999992 -0.00206729 -0.00341639  -0.00206738    -0.999998 -2.18582e-05 -0.00341634  2.8921e-05   -0.999994  0.000671625 -0.000897884  0.000777721     -1.57559  3.45707e-05      1.57128   0.00351661
  0.565476 -0.0107877    0.65126   0.566091 -0.0110854    0.65034    0.999984 -0.00536503 -0.00161246  -0.00536505    -0.999986 -7.26409e-06 -0.00161239 1.59149e-05   -0.999999     0.99999 -0.00278756 -0.00340688  -0.00278765    -0.999996 -1.99287e-05 -0.00340681 2.94257e-05   -0.999994 0.000789881 -0.00135946 0.000915051    -1.57614  3.6478e-05     1.57138  0.00449246
  0.565299 -0.0106245   0.651259   0.565931 -0.0109415    0.65035    0.999979 -0.00624326 -0.00161175  -0.00624328    -0.999981 -6.55312e-06 -0.00161167 1.66156e-05   -0.999999    0.999988 -0.00356195 -0.00338831  -0.00356203    -0.999994 -1.78713e-05 -0.00338823 2.99404e-05   -0.999994 0.000921488 -0.00186062  0.00105953    -1.57673 3.86238e-05     1.57148  0.00554293
  0.565111 -0.0104513   0.651259   0.565759 -0.0107868   0.650363    0.999973 -0.00717572 -0.00161099  -0.00717574    -0.999974 -5.79894e-06 -0.00161091 1.73588e-05   -0.999999    0.999985 -0.00439046 -0.00336187  -0.00439054     -0.99999 -1.49521e-05 -0.00336177 2.97123e-05   -0.999994  0.00106096 -0.00240088  0.00121713    -1.57736 4.02927e-05     1.57159  0.00666851
  0.564912 -0.0102681   0.651258   0.565575 -0.0106216    0.65038   0.999965 -0.0081621 -0.0016102 -0.00816212   -0.999967 -5.0019e-06  -0.0016101 1.81443e-05   -0.999999    0.999981 -0.00527309 -0.00332924  -0.00527316    -0.999986 -1.23675e-05 -0.00332912 2.99228e-05   -0.999994  0.00121403 -0.00297904  0.00138116    -1.57802 4.26769e-05     1.57171  0.00786823
  0.564702 -0.0100749   0.651257   0.565379 -0.0104455   0.650399    0.999956 -0.00920212 -0.00160935  -0.00920214    -0.999958 -4.16237e-06 -0.00160925 1.89717e-05   -0.999999    0.999975 -0.00620794 -0.00329207    -0.006208    -0.999981 -9.84512e-06 -0.00329195 3.02821e-05   -0.999995   0.0013752 -0.00359416  0.00155807    -1.57873 4.55379e-05     1.57184  0.00914115
   0.564482 -0.00987179    0.651256   0.565171 -0.0102589   0.650421    0.999946  -0.0102955 -0.00160847   -0.0102955    -0.999947 -3.28072e-06 -0.00160835 1.98405e-05   -0.999999    0.999969 -0.00719618 -0.00325037  -0.00719624    -0.999974 -6.44369e-06 -0.00325024 2.98339e-05   -0.999995  0.00155044 -0.00424528  0.00174093    -1.57947 4.79221e-05     1.57198   0.0104875
   0.564251 -0.00965883    0.651255  0.564952 -0.010062  0.650443    0.999933  -0.0114419 -0.00160754   -0.0114419    -0.999935 -2.35734e-06 -0.00160741 2.07504e-05   -0.999999    0.999961 -0.00823783 -0.00320676  -0.00823788    -0.999966 -3.29088e-06 -0.00320663 2.97077e-05   -0.999995  0.00173354 -0.00493169  0.00193596    -1.58026 5.10216e-05     1.57212   0.0119073
   0.564009 -0.00943607    0.651254    0.564722 -0.00985479    0.650466    0.999919   -0.012641 -0.00160656   -0.012641    -0.99992 -1.3926e-06 -0.00160642  2.1701e-05   -0.999999    0.999951  -0.0093324 -0.00316268  -0.00933245    -0.999956 -6.22277e-07 -0.00316254 3.01378e-05   -0.999995  0.00193071 -0.00565171  0.00213647    -1.58108 5.50747e-05     1.57227   0.0133995
   0.563757 -0.00920357    0.651253    0.564481 -0.00963742    0.650488    0.999902  -0.0138925 -0.00160555   -0.0138926    -0.999903 -3.86911e-07 -0.00160538  2.2692e-05   -0.999999     0.99994  -0.0104794 -0.00311883  -0.0104795   -0.999945 3.06388e-06 -0.00311869 2.96199e-05   -0.999995  0.00213552 -0.00640464  0.00234914    -1.58194  5.8651e-05     1.57242    0.014964
   0.563494 -0.00896137    0.651252     0.56423 -0.00941013     0.65051    0.999883  -0.0151962 -0.00160448 -0.0151963  -0.999885 6.5934e-07 -0.00160431 2.37229e-05   -0.999999    0.999927  -0.0116791 -0.00307689 -0.0116791  -0.999932 6.1136e-06 -0.00307676 2.98223e-05   -0.999995  0.00235415 -0.00718975  0.00256705    -1.58285 6.34193e-05     1.57258   0.0166003
   0.563221 -0.00870954    0.651251    0.563969 -0.00917337     0.65053    0.999862  -0.0165518 -0.00160338  -0.0165518   -0.999863 1.74575e-06 -0.00160319 2.47933e-05   -0.999999   0.999912 -0.0129317 -0.0030371  -0.0129318   -0.999916 9.32436e-06 -0.00303697 2.99515e-05   -0.999995  0.00257969 -0.00800562  0.00279641    -1.58379 6.86646e-05     1.57275   0.0183079
   0.562937 -0.00844813     0.65125  0.563697 -0.008927  0.650548    0.999837  -0.0179589 -0.00160223 -0.0179589  -0.999839 2.8719e-06 -0.00160202 2.59028e-05   -0.999999    0.999894  -0.0142365 -0.00300065  -0.0142366   -0.999899 1.24756e-05 -0.00300052 3.02446e-05   -0.999995  0.00281858 -0.00885177  0.00303102    -1.58478  7.4625e-05     1.57292   0.0200862
   0.562643 -0.00817719    0.651249   0.563417 -0.0086709   0.650564     0.99981  -0.0194172 -0.00160104  -0.0194172   -0.999811 4.03738e-06 -0.00160081  2.7051e-05   -0.999999    0.999874  -0.0155938 -0.00296825  -0.0155938   -0.999878 1.56926e-05 -0.00296814 3.05957e-05   -0.999996  0.00306416   -0.009727  0.00327778     -1.5858 8.13007e-05      1.5731   0.0219359
   0.562339 -0.00789678    0.651248    0.563126 -0.00840587    0.650577    0.99978 -0.0209264 -0.0015998  -0.0209264   -0.999781 5.24177e-06 -0.00159956 2.82375e-05   -0.999999    0.999851  -0.0170037 -0.00294062  -0.0170037   -0.999855 1.89784e-05 -0.00294052  3.1026e-05   -0.999996  0.00332212  -0.0106304  0.00352955    -1.58686 8.86917e-05     1.57329   0.0238556
   0.562025 -0.00760696    0.651246    0.562827 -0.00813176    0.650588    0.999746  -0.0224863 -0.00159852  -0.0224863   -0.999747 6.48465e-06 -0.00159826 2.94619e-05   -0.999999    0.999825  -0.0184653 -0.00291777  -0.0184653    -0.99983 2.22337e-05 -0.00291768 3.16478e-05   -0.999996  0.00358534  -0.0115616  0.00379372    -1.58796 9.70364e-05     1.57348   0.0258448
     0.5617 -0.00730777    0.651245    0.562518 -0.00784831    0.650596   0.999708 -0.0240965 -0.0015972  -0.0240966    -0.99971 7.76557e-06 -0.00159692 3.07237e-05   -0.999999    0.999796  -0.0199787 -0.00290065  -0.0199787     -0.9998 2.52421e-05 -0.00290057 3.27141e-05   -0.999996  0.00386095  -0.0125201  0.00406361     -1.5891 0.000106573     1.57368   0.0279037
   0.561365 -0.00699927    0.651244      0.5622 -0.00755591      0.6506    0.999667  -0.0257568 -0.00159583  -0.0257568   -0.999668 9.08411e-06 -0.00159554 3.20224e-05   -0.999999    0.999764  -0.0215435 -0.00288949  -0.0215435   -0.999768 2.84101e-05 -0.00288943 3.38462e-05   -0.999996  0.00414109   -0.013505  0.00434637    -1.59028 0.000117064     1.57388   0.0300316
   0.561021 -0.00668152    0.651242    0.561873 -0.00725464    0.650601    0.999621  -0.0274667 -0.00159442  -0.0274668   -0.999623 1.04398e-05 -0.00159411 3.33577e-05   -0.999999    0.999728  -0.0231599 -0.00288405    -0.02316   -0.999732 3.19627e-05 -0.00288402 3.48406e-05   -0.999996  0.00443292  -0.0145166  0.00463486    -1.59149 0.000128269     1.57409   0.0322286
   0.560666 -0.00635458    0.651241    0.561538 -0.00694427      0.6506    0.999572  -0.0292261 -0.00159297  -0.0292261   -0.999573 1.18323e-05 -0.00159264 3.47291e-05   -0.999999    0.999688  -0.0248267 -0.00288411  -0.0248267   -0.999692 3.56096e-05  -0.0028841 3.60044e-05   -0.999996  0.00472879  -0.0155547  0.00493693    -1.59275 0.000140667     1.57431   0.0344936
   0.560301 -0.00601849    0.651239    0.561193 -0.00662497    0.650595    0.999517  -0.0310346 -0.00159147 -0.0310346  -0.999518 1.3261e-05 -0.00159112 3.61362e-05   -0.999999    0.999643  -0.0265437 -0.00288966  -0.0265437   -0.999648 3.90903e-05 -0.00288968  3.7626e-05   -0.999996  0.00503612  -0.0166194  0.00524497    -1.59404 0.000154495     1.57453   0.0368263
   0.559927 -0.00567331    0.651238    0.560839 -0.00629636    0.650588    0.999458  -0.0328919 -0.00158993  -0.0328919   -0.999459 1.47255e-05 -0.00158956 3.75785e-05   -0.999999    0.999595  -0.0283105 -0.00290046  -0.0283105   -0.999599 4.31006e-05 -0.00290052 3.90302e-05   -0.999996  0.00534749  -0.0177112  0.00556707    -1.59536 0.000169277     1.57475   0.0392269
   0.559543 -0.00531911    0.651236    0.560476 -0.00595885    0.650579    0.999393  -0.0347976 -0.00158835  -0.0347977   -0.999394 1.62254e-05 -0.00158796 3.90554e-05   -0.999999    0.999542  -0.0301265 -0.00291436  -0.0301265   -0.999546 4.72792e-05 -0.00291446  4.0542e-05   -0.999996  0.00566983  -0.0188301  0.00589561    -1.59673 0.000185251     1.57498   0.0416943
   0.559149 -0.00495592    0.651235    0.560103 -0.00561241    0.650568    0.999323  -0.0367516 -0.00158673  -0.0367516   -0.999324 1.77601e-05 -0.00158631 4.05667e-05   -0.999999   0.999484 -0.0319921 -0.0029309  -0.0319921   -0.999488 5.15876e-05 -0.00293105 4.22045e-05   -0.999996  0.00599599  -0.0199766  0.00623775    -1.59812 0.000202656     1.57522   0.0442287
  0.558745 -0.0045838   0.651233     0.55972 -0.00525655    0.650557    0.999248  -0.0387534 -0.00158506  -0.0387534   -0.999249 1.93293e-05 -0.00158462 4.21117e-05   -0.999999    0.999421  -0.0339053 -0.00294863  -0.0339052   -0.999425 5.61663e-05 -0.00294884 4.38402e-05   -0.999996  0.00633311  -0.0211515  0.00658727    -1.59955 0.000221252     1.57545   0.0468292
   0.558332 -0.00420282    0.651232    0.559327 -0.00489207    0.650546    0.999166  -0.0408027 -0.00158335  -0.0408028   -0.999167 2.09324e-05 -0.00158288   4.369e-05   -0.999999    0.999352  -0.0358674 -0.00296612  -0.0358674   -0.999357 6.11478e-05  -0.0029664 4.52787e-05   -0.999996  0.00667381  -0.0223551  0.00695014    -1.60102 0.000241041      1.5757   0.0494956
   0.557909 -0.00381303     0.65123   0.558925 -0.0045186   0.650536    0.999078  -0.0428993 -0.00158159 -0.0428994  -0.999079 2.2569e-05 -0.00158111 4.53012e-05   -0.999999    0.999278  -0.0378774 -0.00298122  -0.0378774   -0.999282 6.63626e-05  -0.0029816 4.66062e-05   -0.999996  0.00702477  -0.0235877   0.0073204    -1.60251 0.000262022     1.57595   0.0522277
   0.557476 -0.00341447    0.651228    0.558512 -0.00413595    0.650528   0.998984 -0.0450428 -0.0015798  -0.0450429   -0.998985 2.42385e-05 -0.00157929 4.69447e-05   -0.999999    0.999198  -0.0399349 -0.00299396  -0.0399349   -0.999202 7.15393e-05 -0.00299443 4.80816e-05   -0.999996  0.00737977  -0.0248497   0.0077045    -1.60404 0.000284672      1.5762   0.0550253
   0.557035 -0.00300721    0.651226    0.558089 -0.00374472    0.650521    0.998883   -0.047233 -0.00157796   -0.047233   -0.998884 2.59405e-05 -0.00157742 4.86201e-05   -0.999999    0.999111  -0.0420396 -0.00300289  -0.0420395   -0.999116 7.67233e-05 -0.00300346  4.9585e-05   -0.999995  0.00774455  -0.0261409  0.00809574     -1.6056 0.000308752     1.57645    0.057887
  0.556583 -0.0025913   0.651225    0.557655 -0.00334436    0.650517    0.998774  -0.0494694 -0.00157607  -0.0494694   -0.998776 2.76745e-05 -0.00157551 5.03268e-05   -0.999999    0.999019   -0.044191 -0.00300706  -0.0441909   -0.999023 8.20856e-05 -0.00300775 5.08798e-05   -0.999995  0.00811315  -0.0274622  0.00850105    -1.60718 0.000334263     1.57671   0.0608136
   0.556123 -0.00216679    0.651223    0.557211 -0.00293542    0.650516    0.998659  -0.0517517 -0.00157415  -0.0517517    -0.99866 2.94399e-05 -0.00157356 5.20645e-05   -0.999999    0.998919  -0.0463892 -0.00300625  -0.0463891   -0.998923 8.72182e-05 -0.00300706 5.23333e-05   -0.999995  0.00849152  -0.0288131  0.00891352    -1.60879 0.000361443     1.57698   0.0638041
   0.555653 -0.00173375    0.651221    0.556756 -0.00251748    0.650517    0.998535  -0.0540797 -0.00157218  -0.0540797   -0.998537 3.12364e-05 -0.00157157 5.38324e-05   -0.999999    0.998812   -0.048633 -0.00299948  -0.0486329   -0.998817 9.22827e-05 -0.00300042 5.37006e-05   -0.999995  0.00887346  -0.0301933  0.00934005    -1.61043 0.000390291     1.57724    0.066858
   0.555174 -0.00129222    0.651219    0.556292 -0.00209101    0.650521    0.998404  -0.0564531 -0.00157017  -0.0564531   -0.998405 3.30633e-05 -0.00156953 5.56302e-05   -0.999999    0.998698  -0.0509231 -0.00298845  -0.050923  -0.998703 9.7213e-05 -0.00298952 5.50945e-05   -0.999996  0.00926518  -0.0316024  0.00977373     -1.6121 0.000420809     1.57751   0.0699753
    0.554686 -0.000842252     0.651217    0.555817 -0.00165595    0.650527    0.998264  -0.0588714 -0.00156811  -0.0588714   -0.998266 3.49202e-05 -0.00156745 5.74574e-05   -0.999999    0.998576  -0.0532587 -0.00297171  -0.0532587   -0.998581 0.000102148 -0.00297293 5.62663e-05   -0.999996  0.00966001  -0.0330403   0.0102212     -1.6138 0.000452995     1.57779   0.0731553
    0.554188 -0.000383912     0.651215    0.555332 -0.00121197    0.650536    0.998116  -0.0613343 -0.00156602  -0.0613344   -0.998117 3.68065e-05 -0.00156532 5.93134e-05   -0.999999    0.998447  -0.0556389 -0.00295068  -0.0556389   -0.998451 0.000107011 -0.00295207 5.73279e-05   -0.999996   0.0100648  -0.0345058   0.0106764    -1.61552 0.000486851     1.57807   0.0763978
 0.553682 8.275e-05  0.651213     0.554837 -0.000759674     0.650547    0.997959  -0.0638416 -0.00156387  -0.0638417    -0.99796 3.87218e-05 -0.00156316 6.11976e-05   -0.999999    0.998309  -0.0580647 -0.00292517  -0.0580646   -0.998313 0.000111546 -0.00292671 5.84912e-05   -0.999996   0.0104725  -0.0359991   0.0111451    -1.61727 0.000522852     1.57835   0.0797026
   0.553167 0.000557679    0.651211     0.554332 -0.000298832     0.650559    0.997792   -0.066393 -0.00156169   -0.066393   -0.997794 4.06654e-05 -0.00156095 6.31097e-05   -0.999999   0.998162 -0.0605344 -0.0028971  -0.0605344   -0.998166 0.000115473 -0.00289877 6.01127e-05   -0.999996   0.0108898  -0.0375185   0.0116212    -1.61904 0.000561237     1.57863   0.0830685
  0.552643 0.00104082   0.651209    0.553818 0.000170434    0.650573    0.997616  -0.0689879 -0.00155947   -0.068988   -0.997617 4.26369e-05 -0.00155869  6.5049e-05   -0.999999    0.998006  -0.0630487 -0.00286618  -0.0630487    -0.99801 0.000119536 -0.00286801 6.14111e-05   -0.999996  0.0113099 -0.0390639  0.0121112   -1.62084 0.00060153    1.57892  0.0864961
   0.55211 0.00153212   0.651207    0.553295 0.000648193    0.650587    0.99743 -0.0716263 -0.0015572  -0.0716263   -0.997432 4.46358e-05 -0.00155639 6.70151e-05   -0.999999    0.997842  -0.0656068 -0.00283362  -0.0656067   -0.997846 0.000123402 -0.00283562 6.27691e-05   -0.999996   0.0117393  -0.0406342   0.0126088    -1.62267 0.000643969      1.5792   0.0899846
  0.551568 0.00203152   0.651205   0.552763 0.00113412   0.650602    0.997234  -0.0743076 -0.00155489  -0.0743076   -0.997235 4.66615e-05 -0.00155405 6.90073e-05   -0.999999    0.997667  -0.0682081 -0.00280061   -0.068208   -0.997671 0.000127472 -0.00280278 6.38498e-05   -0.999996   0.0121713  -0.0422285   0.0131199    -1.62452 0.000688553     1.57949    0.093533
  0.551017 0.00253897   0.651202   0.552221 0.00162829   0.650616    0.997027  -0.0770315 -0.00155253  -0.0770316   -0.997029 4.87134e-05 -0.00155167 7.10252e-05   -0.999999    0.997483  -0.0708534 -0.00276793  -0.0708533   -0.997487 0.000130912 -0.00277025 6.55346e-05   -0.999996   0.0126123  -0.0438459   0.0136385     -1.6264 0.000735998     1.57979   0.0971422
  0.550458 0.00305441     0.6512   0.551672 0.00213063    0.65063     0.99681  -0.0797978 -0.00155013  -0.0797979   -0.996811 5.07911e-05 -0.00154924 7.30682e-05   -0.999999    0.997288  -0.0735409 -0.00273598  -0.0735408   -0.997292 0.000134604 -0.00273847 6.69671e-05   -0.999996   0.0130556   -0.045486   0.0141711     -1.6283 0.000785828     1.58008     0.10081
   0.54989 0.00357779   0.651198   0.551113 0.00264088   0.650643    0.996581  -0.0826061 -0.00154769 -0.0826061  -0.996582 5.2894e-05 -0.00154677 7.51358e-05   -0.999999    0.997083  -0.0762721 -0.00270574   -0.076272   -0.997087 0.000138424 -0.00270842 6.83518e-05   -0.999996   0.0135076   -0.047148   0.0147109    -1.63023 0.000838041     1.58038    0.104538
  0.549314 0.00410906   0.651196   0.550547 0.00315919   0.650654    0.996341   -0.085456 -0.00154521   -0.085456   -0.996342 5.50215e-05 -0.00154426 7.72274e-05   -0.999999   0.996867 -0.0790452 -0.0026777  -0.0790451   -0.996871 0.000142359 -0.00268057 6.97458e-05   -0.999996   0.0139613  -0.0488307    0.015265    -1.63218 0.000893116     1.58068    0.108325
  0.548729 0.00464815   0.651193   0.549972 0.00368542   0.650665    0.996089  -0.0883472 -0.00154268  -0.0883472    -0.99609 5.71731e-05  -0.0015417 7.93424e-05   -0.999999     0.99664  -0.0818603 -0.00265208 -0.0818602  -0.996644 0.00014645 -0.00265516 7.11414e-05   -0.999996   0.0144236  -0.0505342   0.0158265    -1.63416 0.000950813     1.58098     0.11217
  0.548136 0.00519502   0.651191   0.549389 0.00421957   0.650673    0.995824  -0.0912793 -0.00154012  -0.0912793   -0.995825 5.93482e-05  -0.0015391 8.14804e-05   -0.999999    0.996402  -0.0847172 -0.00263011  -0.0847171   -0.996405 0.000150568 -0.00263341 7.27889e-05   -0.999997  0.0148873 -0.0522578  0.0164022   -1.63616 0.00101185    1.58128   0.116073
 0.547534 0.0057496  0.651188   0.548799 0.00476149    0.65068   0.995547  -0.094252 -0.0015375   -0.094252   -0.995548 6.15463e-05 -0.00153646 8.36407e-05   -0.999999   0.996151 -0.0876157 -0.0026108  -0.0876156   -0.996154 0.000155089 -0.00261434 7.42543e-05   -0.999997  0.0153592 -0.0540009  0.0169857   -1.63819 0.00107551    1.58159   0.120034
  0.546924 0.00631185   0.651186     0.5482 0.00531103   0.650685    0.995257  -0.0972649 -0.00153485   -0.097265   -0.995259 6.37668e-05 -0.00153378 8.58228e-05   -0.999999    0.995888  -0.0905556 -0.00259462  -0.0905555   -0.995891 0.000160051 -0.00259845 7.55636e-05   -0.999997  0.0158322 -0.0557632  0.0175831   -1.64024 0.00114226    1.58189   0.124052
  0.546306 0.00688172   0.651184  0.547594 0.0058685  0.650689    0.994954   -0.100318 -0.00153215   -0.100318   -0.994955 6.60091e-05 -0.00153105 8.80262e-05   -0.999999    0.995613  -0.0935353 -0.00258115  -0.0935352   -0.995616 0.000164967 -0.00258526 7.71853e-05   -0.999997  0.0163128 -0.0575447   0.018189   -1.64231 0.00121236     1.5822   0.128127
   0.54568 0.00745913   0.651181    0.54698 0.00643315   0.650691    0.994638    -0.10341 -0.00152941    -0.10341   -0.994639 6.82727e-05 -0.00152827 9.02502e-05   -0.999999    0.995324  -0.0965563 -0.00257053  -0.0965561   -0.995328 0.000170754 -0.00257501 7.82448e-05   -0.999997  0.0167944  -0.059345  0.0188084   -1.64441 0.00128531     1.5825   0.132259
  0.545045 0.00804405   0.651179   0.546358 0.00700562   0.650691    0.994307   -0.106541 -0.00152663  -0.106542  -0.994308 7.0557e-05 -0.00152546 9.24943e-05   -0.999999    0.995023  -0.0996172 -0.00256294  -0.0996171   -0.995026 0.000176075 -0.00256773 8.01139e-05   -0.999997   0.017283 -0.0611637  0.0194366   -1.64653 0.00136232    1.58281   0.136446
  0.544402 0.00863641   0.651176   0.545728 0.00758565   0.650691    0.993962   -0.109712 -0.00152381   -0.109712   -0.993963 7.28615e-05  -0.0015226 9.47579e-05   -0.999999    0.994707   -0.102717 -0.00255651   -0.102717   -0.994711 0.000182333 -0.00256171 8.12296e-05   -0.999997  0.0177727 -0.0630014  0.0200789   -1.64866 0.00144219    1.58312    0.14069
  0.543752 0.00923617   0.651173   0.545091 0.00817293   0.650689    0.993603    -0.11292 -0.00152094    -0.11292   -0.993604 7.51855e-05  -0.0015197 9.70405e-05   -0.999999    0.994378   -0.105857 -0.00255258   -0.105857   -0.994381 0.000188517  -0.0025582 8.27524e-05   -0.999997  0.0182686 -0.0648575  0.0207298   -1.65082 0.00152588    1.58343   0.144988
  0.543093 0.00984326   0.651171   0.544446 0.00876764   0.650687    0.993229   -0.116167 -0.00151803   -0.116167    -0.99323 7.75285e-05 -0.00151676 9.93414e-05   -0.999999    0.994034   -0.109036 -0.00254915  -0.109036  -0.994038 0.00019529 -0.00255525 8.38248e-05   -0.999997  0.0187654 -0.0667319  0.0213947     -1.653  0.0016129    1.58374   0.149342
 0.542427 0.0104576  0.651168   0.543792 0.00936986   0.650684    0.992839   -0.119451 -0.00151508 -0.119451  -0.99284 7.989e-05 -0.00151377  0.00010166   -0.999999    0.993676   -0.112253 -0.00254682   -0.112253    -0.99368 0.000201819 -0.00255338 8.53461e-05   -0.999997  0.0192683  -0.068625   0.022069    -1.6552 0.00170398    1.58404   0.153749
 0.541752 0.0110792  0.651165   0.543131 0.00997938   0.650682    0.992434   -0.122773 -0.00151208   -0.122773   -0.992435 8.22692e-05 -0.00151074 0.000103996   -0.999999   0.993303  -0.115509 -0.0025441  -0.115508  -0.993306 0.00020855 -0.00255116  8.6711e-05   -0.999997  0.0197718 -0.0705366  0.0227573   -1.65742 0.00179887    1.58435   0.158211
 0.54107 0.011708 0.651163 0.542462 0.010596 0.650679    0.992012   -0.126132 -0.00150904   -0.126132   -0.992013 8.46657e-05 -0.00150767 0.000106349   -0.999999    0.992915   -0.118802 -0.00254077   -0.118802   -0.992918 0.000215197 -0.00254834 8.81762e-05   -0.999997  0.0202808 -0.0724669  0.0234547   -1.65965 0.00189757    1.58466   0.162727
  0.54038 0.0123439   0.65116 0.541784  0.01122 0.650677    0.991575   -0.129527 -0.00150596   -0.129527   -0.991576 8.70788e-05 -0.00150455 0.000108717   -0.999999    0.992511   -0.122132 -0.00253658   -0.122132   -0.992514 0.000221961  -0.0025447 8.94996e-05   -0.999997  0.0207903 -0.0744154  0.0241666    -1.6619 0.00200033    1.58497   0.167295
 0.539683 0.0129868  0.651157  0.541099 0.0118509  0.650676     0.99112   -0.132958 -0.00150284  -0.132958  -0.991122 8.9508e-05 -0.00150139 0.000111101   -0.999999     0.99209   -0.125501 -0.00253178   -0.125501   -0.992094 0.000228793 -0.00254048 9.07563e-05   -0.999997  0.0213053 -0.0763822  0.0248873   -1.66417  0.0021069    1.58528   0.171917
 0.538977 0.0136368  0.651154  0.540406 0.0124891  0.650675    0.990649   -0.136425 -0.00149967   -0.136425    -0.99065 9.19527e-05 -0.00149819   0.0001135   -0.999999    0.991654   -0.128905 -0.00252453   -0.128904   -0.991657 0.000235216 -0.00253379  9.2171e-05   -0.999997  0.0218201 -0.0783672  0.0256231   -1.66646 0.00221801    1.58559   0.176591
 0.538265 0.0142937  0.651151  0.539705 0.0131342  0.650675    0.990161   -0.139928 -0.00149646   -0.139928   -0.990162 9.44122e-05 -0.00149495 0.000115913   -0.999999      0.9912   -0.132345 -0.00251627   -0.132345   -0.991204 0.000241311 -0.00252607 9.38281e-05   -0.999997  0.0223403 -0.0803702  0.0263677   -1.66876  0.0023334    1.58589   0.181317
 0.537545 0.0149575  0.651149  0.538996 0.0137865  0.650676    0.989654   -0.143465 -0.00149321   -0.143465   -0.989655 9.68861e-05 -0.00149166  0.00011834   -0.999999    0.99073  -0.135822 -0.0025055   -0.135821   -0.990733 0.000247393 -0.00251588  9.5201e-05   -0.999997  0.0228601  -0.082391  0.0271273   -1.67107 0.00245309     1.5862   0.186094
 0.536817 0.0156282  0.651146  0.538278 0.0144457  0.650678     0.98913   -0.147037 -0.00148992   -0.147037   -0.989131 9.93736e-05 -0.00148833  0.00012078   -0.999999    0.990242   -0.139333 -0.00249295   -0.139333   -0.990246 0.000253412 -0.00250394 9.64104e-05   -0.999997  0.0233853 -0.0844293  0.0278959    -1.6734 0.00257683    1.58651   0.190923
 0.536082 0.0163056  0.651143  0.537554 0.0151119  0.650681    0.988587   -0.150644 -0.00148658   -0.150644   -0.988588 0.000101874 -0.00148496 0.000123232   -0.999999    0.989737    -0.14288 -0.00247853   -0.142879    -0.98974 0.000258741 -0.00249006 9.80451e-05   -0.999997  0.0239093 -0.0864847  0.0286798   -1.67574 0.00270581    1.58681   0.195803
  0.53534 0.0169898   0.65114  0.536821 0.0157848  0.650685   0.988025  -0.154284 -0.0014832   -0.154284   -0.988027 0.000104387 -0.00148155 0.000125697   -0.999999    0.989213   -0.146461 -0.00246213   -0.146461   -0.989216 0.000263825 -0.00247422 9.96255e-05   -0.999997  0.0244389  -0.088557  0.0294724    -1.6781 0.00283909    1.58711   0.200733
  0.53459 0.0176806  0.651137  0.536081 0.0164647  0.650689    0.987445   -0.157957 -0.00147978   -0.157958   -0.987446 0.000106912 -0.00147809 0.000128172   -0.999999   0.988671  -0.150076 -0.0024443   -0.150076   -0.988674 0.000268526 -0.00245691 0.000101346   -0.999997  0.0249667 -0.0906456  0.0302808   -1.68047 0.00297761    1.58742   0.205712
 0.533834 0.0183781  0.651134 0.535333 0.017151 0.650694    0.986845   -0.161664 -0.00147632   -0.161664   -0.986846 0.000109449 -0.00147459 0.000130659   -0.999999    0.988111   -0.153726 -0.00242524   -0.153726   -0.988114 0.000272981 -0.00243838 0.000103086   -0.999997  0.0255001 -0.0927501  0.0310974   -1.68285 0.00312066    1.58772   0.210742
  0.53307 0.0190822  0.651131  0.534577 0.0178441    0.6507    0.986225   -0.165403 -0.00147281   -0.165403   -0.986226 0.000111996 -0.00147105 0.000133155   -0.999999    0.987531   -0.157409 -0.00240473   -0.157408   -0.987534 0.000277253 -0.0024184 0.00010473  -0.999997   0.026031 -0.0948703  0.0319302   -1.68525 0.00326896    1.58802    0.21582
 0.532299 0.0197927  0.651128  0.533814 0.0185438  0.650706    0.985585   -0.169175 -0.00146926   -0.169175   -0.985586 0.000114553 -0.00146746 0.000135661   -0.999999    0.986931   -0.161125 -0.00238303   -0.161124   -0.986934 0.000281202 -0.00239721 0.000106438   -0.999997  0.0265677 -0.0970056  0.0327713   -1.68765 0.00342202    1.58831   0.220947
 0.531521 0.0205098  0.651124 0.533045  0.01925 0.650713    0.984925   -0.172978 -0.00146567   -0.172978   -0.984926 0.000117119 -0.00146384 0.000138175   -0.999999    0.986312   -0.164873 -0.00236085   -0.164873   -0.986315 0.000285074 -0.00237554 0.000108069   -0.999997  0.0271015 -0.0991552  0.0336285   -1.69007 0.00358057    1.58861   0.226123
 0.530736 0.0212332  0.651121 0.532268 0.019963 0.650719    0.984244   -0.176812 -0.00146204   -0.176812   -0.984245 0.000119694 -0.00146017 0.000140698   -0.999999    0.985673   -0.168654 -0.00233843  -0.168654  -0.985675 0.00028883 -0.00235364 0.000109693   -0.999997  0.0276408  -0.101319  0.0344946    -1.6925 0.00374413     1.5889   0.231346
0.529944 0.021963 0.651118  0.531483 0.0206821  0.650725    0.983541   -0.180678 -0.00145837   -0.180678   -0.983542 0.000122278 -0.00145646 0.000143229   -0.999999    0.985013   -0.172466 -0.00231608   -0.172466   -0.985015 0.000292307 -0.00233179  0.00011152   -0.999997   0.028177  -0.103497  0.0353763   -1.69495 0.00391364    1.58919   0.236617
0.529146 0.022699 0.651115  0.530693 0.0214078  0.650731    0.982818   -0.184574 -0.00145465   -0.184574   -0.982819 0.000124869 -0.00145271 0.000145766   -0.999999   0.984332  -0.176311 -0.0022947   -0.176311   -0.984335 0.000295874 -0.00231092 0.000113342   -0.999997 0.0287182 -0.105687  0.036267   -1.6974 0.0040884   1.58948  0.241935
  0.52834 0.0234414  0.651112  0.529895 0.0221398  0.650737    0.982072     -0.1885 -0.00145089     -0.1885   -0.982073 0.000127468 -0.00144891  0.00014831   -0.999999     0.98363   -0.180186 -0.00227364   -0.180185   -0.983633 0.000299282 -0.00229036 0.000115294   -0.999997  0.0292561   -0.10789   0.037174   -1.69986 0.00426936    1.58977   0.247299
 0.527528 0.0241899  0.651109   0.52909 0.0228778  0.650742    0.981305   -0.192455 -0.00144709   -0.192455   -0.981306 0.000130072 -0.00144507  0.00015086   -0.999999    0.982906   -0.184092 -0.00225278   -0.184092   -0.982909 0.000302967 -0.00227005 0.000116931   -0.999997  0.0297987  -0.110106  0.0380893   -1.70234 0.00445533    1.59006    0.25271
  0.52671 0.0249445  0.651105  0.528279 0.0236222  0.650747    0.980515    -0.19644 -0.00144325    -0.19644   -0.980516 0.000132683  -0.0014412 0.000153415   -0.999999    0.982161   -0.188027 -0.00223319   -0.188027   -0.982164 0.000306766 -0.00225104 0.000118608   -0.999997  0.0303378  -0.112333  0.0390213   -1.70482 0.00464773    1.59034   0.258166
 0.525884 0.0257052  0.651102  0.527462 0.0243729  0.650751    0.979702   -0.200454 -0.00143937   -0.200454   -0.979703 0.000135299 -0.00143727 0.000155975   -0.999999    0.981394   -0.191993 -0.00221441   -0.191993   -0.981396 0.000310511 -0.00223283 0.000120417   -0.999997  0.0308814  -0.114572  0.0399621   -1.70732 0.00484586    1.59062   0.263668
 0.525053 0.0264719  0.651099  0.526638 0.0251295  0.650754    0.978866   -0.204496 -0.00143544   -0.204496   -0.978867 0.000137919 -0.00143331 0.000158539   -0.999999    0.980604   -0.195988 -0.00219762   -0.195988   -0.980606 0.000314525 -0.00221665 0.000122283   -0.999998  0.0314209  -0.116822  0.0409191   -1.70982 0.00505066    1.59089   0.269214
 0.524214 0.0272446  0.651095  0.525808 0.0258922  0.650757    0.978007   -0.208566 -0.00143148   -0.208566   -0.978008 0.000140543 -0.00142931 0.000161106   -0.999999    0.979791   -0.200012 -0.00218131   -0.200012   -0.979793 0.000318901 -0.00220102 0.000123832   -0.999998  0.0319648  -0.119084  0.0418851   -1.71233 0.00526094    1.59117   0.274806
  0.52337 0.0280233  0.651092  0.524971 0.0266607  0.650759    0.977124   -0.212664 -0.00142747   -0.212664   -0.977125 0.000143171 -0.00142526 0.000163675   -0.999999    0.978955   -0.204065 -0.00216687  -0.204065  -0.978957 0.00032328 -0.00218724 0.000125705   -0.999998  0.0325043  -0.121355  0.0428674   -1.71486 0.00547838    1.59144   0.280441
 0.522518 0.0288077  0.651089  0.524128 0.0274356   0.65076    0.976218   -0.216789 -0.00142342   -0.216789   -0.976219 0.000145802 -0.00142118 0.000166247   -0.999999    0.978096   -0.208145 -0.00215344   -0.208145   -0.978098 0.000327942 -0.00217454 0.000127469   -0.999998  0.0330482  -0.123637   0.043859   -1.71738 0.00570178    1.59171    0.28612
0.521661 0.029598 0.651085 0.523279 0.028216 0.650761    0.975286    -0.22094 -0.00141933    -0.22094   -0.975287 0.000148434 -0.00141705 0.000168821   -0.999999    0.977212   -0.212253 -0.00214046   -0.212253   -0.977215 0.000332515 -0.00216227 0.000129381   -0.999998  0.0335872   -0.12593   0.044867   -1.71992 0.00593233    1.59197   0.291842
0.520797 0.030394 0.651082  0.522423 0.0290024  0.650762   0.974331  -0.225117 -0.0014152   -0.225117   -0.974332 0.000151068 -0.00141288 0.000171396   -0.999999    0.976305   -0.216388 -0.00212771   -0.216388   -0.976307 0.000336815 -0.00215018 0.000131576   -0.999998  0.0341303  -0.128233  0.0458839   -1.72247 0.00616932    1.59223   0.297607
 0.519928 0.0311958  0.651078  0.521561 0.0297947  0.650764     0.97335    -0.22932 -0.00141103    -0.22932   -0.973351 0.000153703 -0.00140867  0.00017397   -0.999999    0.975373    -0.22055 -0.00211146   -0.22055  -0.975376 0.00034019 -0.00213449 0.000133869   -0.999998  0.0346684  -0.130548  0.0469179   -1.72501 0.00641346    1.59249   0.303414
 0.519052 0.0320031  0.651075  0.520692 0.0305921  0.650769    0.972344   -0.233549 -0.00140682   -0.233549   -0.972345 0.000156339 -0.00140442 0.000176545   -0.999999    0.974417   -0.224739 -0.00209043   -0.224738   -0.974419 0.000342607 -0.00211395 0.000135958   -0.999998  0.0352099  -0.132873  0.0479603   -1.72756 0.00666332    1.59275   0.309263
  0.51817 0.0328161  0.651071 0.519817 0.031395 0.650776    0.971313   -0.237802 -0.00140256   -0.237802   -0.971314 0.000158974 -0.00140013 0.000179119   -0.999999    0.973435   -0.228953 -0.00206296  -0.228953  -0.973437 0.00034324 -0.00208675 0.000138198   -0.999998  0.0357454   -0.13521  0.0490198   -1.73012 0.00692034      1.593   0.315153
 0.517282 0.0336345  0.651068  0.518936 0.0322032  0.650785    0.970255   -0.242079 -0.00139827   -0.242079   -0.970256 0.000161608  -0.0013958 0.000181691   -0.999999    0.972428   -0.233193 -0.00203207   -0.233193    -0.97243 0.000343416 -0.00205612 0.000139916   -0.999998   0.036284  -0.137557  0.0500884   -1.73267 0.00718307    1.59325   0.321085
 0.516388 0.0344585  0.651064  0.518048 0.0330174   0.65079    0.969172   -0.246381 -0.00139394   -0.246381   -0.969173 0.000164241 -0.00139143 0.000184261   -0.999999    0.971396   -0.237458 -0.00200771   -0.237458   -0.971398 0.000345137 -0.00203224 0.000141482   -0.999998  0.0368173  -0.139911  0.0511744   -1.73524 0.00745392    1.59349   0.327057
 0.515488 0.0352878   0.65106 0.517156 0.033838  0.65079    0.968062   -0.250705 -0.00138956   -0.250705   -0.968063 0.000166871 -0.00138702 0.000186828   -0.999999    0.970338   -0.241746 -0.00199649   -0.241746    -0.97034 0.000350389 -0.00202198 0.000142648   -0.999998  0.0373554  -0.142272  0.0522695   -1.73782 0.00773215    1.59373    0.33307
 0.514583 0.0361226  0.651057  0.516257 0.0346653  0.650783    0.966926   -0.255053 -0.00138515   -0.255053   -0.966927 0.000169499 -0.00138257 0.000189392   -0.999999    0.969254   -0.246055 -0.00199945   -0.246055   -0.969256 0.000359337  -0.0020264 0.000143686   -0.999998  0.0378902   -0.14464  0.0533817   -1.74041 0.00801945    1.59397   0.339122
 0.513671 0.0369626  0.651053  0.515354 0.0354985  0.650773    0.965763   -0.259423 -0.00138069   -0.259423   -0.965764 0.000172124 -0.00137808 0.000191953   -0.999999    0.968144   -0.250387 -0.00200905   -0.250386   -0.968146 0.000370376 -0.00203779 0.000144461   -0.999998  0.0384295  -0.147014  0.0545022   -1.74301 0.00831389     1.5942   0.345214
 0.512754 0.0378079   0.65105  0.514444 0.0363367  0.650764   0.964572  -0.263815 -0.0013762   -0.263815   -0.964573 0.000174744 -0.00137354 0.000194508   -0.999999    0.967007   -0.254742 -0.00201661  -0.254742  -0.967009 0.00038106 -0.00204715 0.000145226   -0.999998  0.0389636  -0.149395  0.0556388   -1.74562 0.00861621    1.59442   0.351344
 0.511831 0.0386584  0.651046  0.513529 0.0371793  0.650759    0.963354   -0.268229 -0.00137166  -0.268229  -0.963355 0.00017736 -0.00136897 0.000197059   -0.999999    0.965843   -0.259122 -0.00201421   -0.259121   -0.965845 0.000388625 -0.00204612 0.000146575   -0.999998 0.0394998 -0.151787 0.0567834  -1.74822 0.0089252   1.59465  0.357514
 0.510903 0.0395141  0.651042  0.512607 0.0380263   0.65076    0.962109   -0.272663 -0.00136709   -0.272663   -0.962109 0.000179971 -0.00136436 0.000199604   -0.999999    0.964651   -0.263525 -0.00199995   -0.263524   -0.964653 0.000392279 -0.00203263 0.000148623   -0.999998  0.0400295  -0.154188  0.0579441   -1.75081 0.00924206    1.59487   0.363721
 0.509969 0.0403748  0.651038  0.511679 0.0388778  0.650766    0.960835   -0.277119 -0.00136248   -0.277119   -0.960836 0.000182576 -0.00135971 0.000202142   -0.999999    0.963431    -0.26795 -0.00197403    -0.26795   -0.963433 0.000392659 -0.00200706 0.000150642   -0.999998  0.0405605  -0.156599  0.0591137    -1.7534 0.00956511    1.59508   0.369966
  0.50903 0.0412406  0.651035  0.510745 0.0397343  0.650776    0.959533   -0.281594 -0.00135783   -0.281594   -0.959534 0.000185175 -0.00135502 0.000204674   -0.999999    0.962183   -0.272397 -0.00194078   -0.272397   -0.962185 0.000390053 -0.00197363 0.000153358   -0.999998  0.0410852   -0.15902  0.0603004   -1.75598 0.00989676     1.5953   0.376249
