  0.566998 -0.0122126   0.651387   0.566998 -0.0122126   0.651387    0.999989  0.00460123 -0.00121308  0.00460146   -0.999989 0.000187597  -0.00121221 -0.000193177    -0.999999    0.999989  0.00460123 -0.00121308  0.00460146   -0.999989 0.000187597  -0.00121221 -0.000193177    -0.999999 -1.40667e-05   0.00138259 -0.000441551     -1.57066 -0.000193119      1.57083  -0.00505686
  0.566992 -0.0122072   0.651387   0.566996 -0.0122118   0.651391    0.999989  0.00457174 -0.00121306  0.00457197    -0.99999 0.000187613  -0.00121219 -0.000193157    -0.999999    0.999989  0.00457787 -0.00120711  0.00457809    -0.99999 0.000186699  -0.00120625 -0.000192223    -0.999999 -1.43051e-05   0.00137591 -0.000439405     -1.57066 -0.000192165      1.57083  -0.00503159
  0.566975 -0.0121908   0.651387  0.567426 -0.012388  0.650859   0.999989 0.00448347  -0.001213   0.0044837    -0.99999 0.000187658  -0.00121215 -0.000193095    -0.999999    0.999955  0.00922979 -0.00208442  0.00923057   -0.999957 0.000361057    -0.002081 -0.000380281    -0.999998  3.38554e-05   0.00254655 -0.000880003      -1.5704 -0.000379801      1.57087    -0.010076
  0.566945 -0.0121636   0.651387   0.567439 -0.0124046   0.650803    0.99999 0.00433671 -0.0012129  0.00433695   -0.999991 0.000187733  -0.00121207 -0.000192992    -0.999999    0.999957  0.00906959 -0.00217221  0.00907042   -0.999959 0.000371426  -0.00216876 -0.000391113    -0.999998 -7.86781e-06   0.00258756 -0.000863075     -1.57047 -0.000390768      1.57089  -0.00994062
  0.566904 -0.0121256   0.651387   0.567615 -0.0124617   0.650578    0.999991  0.00413177 -0.00121276    0.004132   -0.999991 0.000187838  -0.00121197 -0.000192848    -0.999999    0.999909   0.0131945 -0.00289033    0.013196   -0.999913 0.000514564  -0.00288329 -0.000552658    -0.999996  0.000160694   0.00309539  -0.00120211     -1.57026 -0.000551939      1.57047   -0.0142365
  0.566851 -0.0120768   0.651387    0.56761 -0.0124596   0.650514    0.999992  0.00386892 -0.00121257  0.00386915   -0.999992 0.000187973  -0.00121184 -0.000192663    -0.999999    0.999912   0.0129286 -0.00303203   0.0129303   -0.999916 0.000530637  -0.00302492 -0.000569795    -0.999995  0.000123739   0.00309181  -0.00115299      -1.5704 -0.000569344      1.57046   -0.0139585
  0.566786 -0.0120174   0.651386   0.567667 -0.0124529    0.65038    0.999993  0.00354848 -0.00121235  0.00354871   -0.999994 0.000188137  -0.00121167 -0.000192438    -0.999999    0.999856   0.0165549 -0.00372648   0.0165574   -0.999863 0.000643615  -0.00371531 -0.000705223    -0.999993  0.000356674   0.00327706  -0.00143456     -1.57034 -0.000704527       1.5699   -0.0176342
   0.56671 -0.0119473   0.651386    0.56764 -0.0124225   0.650304    0.999994  0.00317073 -0.00121209  0.00317096   -0.999995 0.000188331  -0.00121148 -0.000192173    -0.999999   0.999861  0.0161975 -0.0039387   0.0162002   -0.999869 0.000660972  -0.00392748 -0.000724687    -0.999992  0.000339746   0.00321555  -0.00135207     -1.57056 -0.000724316      1.56985   -0.0172112
  0.566623 -0.0118667   0.651386   0.567633 -0.0123767   0.650195    0.999996  0.00273597 -0.00121178   0.0027362   -0.999996 0.000188553  -0.00121126 -0.000191868    -0.999999    0.999802   0.0193568 -0.00465408   0.0193605   -0.999812 0.000746526  -0.00463876 -0.000836484    -0.999989  0.000611782   0.00322914   -0.0015955     -1.57065 -0.000835896      1.56924   -0.0203431
  0.566524 -0.0117755   0.651385   0.567581 -0.0123197   0.650113    0.999997   0.0022445 -0.00121144  0.00224473   -0.999997 0.000188805  -0.00121101 -0.000191524    -0.999999    0.999809   0.0189088 -0.00493009   0.0189128   -0.999821 0.000763884 -0.00491477 -0.00085698   -0.999988  0.000614882   0.00310802  -0.00148296     -1.57094 -0.000856638      1.56913   -0.0197794
  0.566414 -0.0116739   0.651385   0.567531 -0.0122463   0.650017    0.999998  0.00169661 -0.00121106  0.00169684   -0.999999 0.000189085 -0.00121073 -0.00019114   -0.999999     0.99975   0.0216321 -0.00565801   0.0216371   -0.999766 0.000825471  -0.00563883 -0.000947688    -0.999984  0.000913143   0.00301099  -0.00169635     -1.57112 -0.000946999      1.56849   -0.0224192
  0.566292 -0.0115618   0.651384   0.567453 -0.0121656   0.649943    0.999999  0.00109259 -0.00121063  0.00109282   -0.999999 0.000189394  -0.00121043 -0.000190716    -0.999999     0.99976   0.0210918 -0.00596966   0.0210972   -0.999777 0.000843402  -0.00595054 -0.000969143    -0.999982  0.000933647   0.00282335  -0.00155616     -1.57146 -0.000968456      1.56833   -0.0217183
  0.566159 -0.0114394   0.651384   0.567368 -0.0120686   0.649867    0.999999 0.000432746 -0.00121017 0.000432976          -1 0.000189731  -0.00121009 -0.000190254    -0.999999  0.999704 0.0234102 -0.006683   0.0234166   -0.999725 0.000885316 -0.00666044 -0.00104155   -0.999977  0.00125313  0.00263381 -0.00174212     -1.5717 -0.00104022     1.56768  -0.0239046
  0.566015 -0.0113068   0.651383   0.567262 -0.0119651   0.649813     0.999999 -0.000282632  -0.00120967 -0.000282403           -1  0.000190095  -0.00120972 -0.000189754    -0.999999    0.999716   0.0227768 -0.00699664   0.0227837    -0.99974 0.000904502 -0.00697422 -0.00106365   -0.999975  0.00129056  0.00236845 -0.00157547    -1.57209 -0.00106192     1.56748  -0.0230672
   0.56586 -0.0111638   0.651382   0.567144 -0.0118459   0.649761    0.999999 -0.00105325 -0.00120913 -0.00105302   -0.999999 0.000190488  -0.00120933 -0.000189215    -0.999999    0.999665   0.0247199 -0.00766838   0.0247277   -0.999694 0.000930969 -0.00764302 -0.00112028    -0.99997  0.00163078  0.00208688 -0.00173569    -1.57239 -0.00111747     1.56684  -0.0248318
  0.565694 -0.0110107   0.651382   0.567007 -0.0117187    0.64973    0.999998  -0.0018788 -0.00120855 -0.00187857   -0.999998 0.000190908  -0.00120891 -0.000188637    -0.999999     0.99968   0.0239962 -0.00795803   0.0240045   -0.999711 0.000952008 -0.00793289 -0.00114273   -0.999968  0.00168705  0.00173306 -0.00154305    -1.57283 -0.00113893     1.56663  -0.0238593
  0.565517 -0.0108474   0.651381   0.566857 -0.0115763   0.649703    0.999995 -0.00275901 -0.00120794 -0.00275878   -0.999996 0.000191356  -0.00120846 -0.000188022    -0.999999    0.999636   0.0255936 -0.00856786   0.0256028   -0.999672 0.000966121 -0.00854032 -0.00118513   -0.999963  0.00204992  0.00135541 -0.00167823     -1.5732  -0.0011797     1.56602  -0.0252304
  0.565329 -0.0106741    0.65138    0.56669 -0.0114251   0.649695    0.999992 -0.00369356 -0.00120728 -0.00369333   -0.999993  0.00019183 -0.00120798 -0.00018737   -0.999999    0.999654   0.0247815 -0.00881371   0.0247912   -0.999692 0.000989678 -0.00878647 -0.00120784   -0.999961  0.00212717 0.000905752 -0.00146103    -1.57371 -0.00120068     1.56582  -0.0241239
   0.56513 -0.0104907   0.651379   0.56651 -0.011259  0.649692    0.999988 -0.00468216 -0.00120659 -0.00468193   -0.999989 0.000192331 -0.00120747 -0.00018668   -0.999999    0.999617   0.0260608 -0.00934733   0.0260712    -0.99966 0.000993974 -0.00931824 -0.00123729   -0.999956  0.00251436 0.000428915 -0.00157237    -1.57416 -0.00122786     1.56527  -0.0251286
   0.56492 -0.0102974   0.651378   0.566313 -0.0110838   0.649706    0.999983 -0.00572452 -0.00120585 -0.00572429   -0.999984 0.000192859  -0.00120694 -0.000185953    -0.999999   0.999638  0.0251619 -0.0095358 0.0251728 -0.999683 0.0010207 -0.00950709 -0.00126037   -0.999954   0.00261402 -0.000119686  -0.00133204     -1.57474  -0.00124836      1.56511   -0.0238898
    0.5647 -0.0100941   0.651377   0.566103 -0.0108941   0.649723    0.999976 -0.00682033 -0.00120508  -0.0068201   -0.999977 0.000193413 -0.00120637 -0.00018519   -0.999999    0.999608   0.0261475 -0.00998419  0.0261589  -0.999657 0.00101805 -0.00995415 -0.00127883    -0.99995   0.00302672 -0.000696421  -0.00142074     -1.57528  -0.00126386      1.56463   -0.0245523
   0.564469 -0.00988097    0.651376   0.565879 -0.0106955   0.649755    0.999968 -0.00796931 -0.00120427 -0.00796908   -0.999968 0.000193993 -0.00120578 -0.00018439   -0.999999   0.999632  0.0251631 -0.0101072   0.025175  -0.999683 0.00104806  -0.0100776 -0.00130212   -0.999948  0.00314927 -0.00134397 -0.00115895    -1.57595 -0.00128365     1.56453  -0.0231836
   0.564227 -0.00965804    0.651375   0.565642 -0.0104828   0.649788    0.999957 -0.00917114 -0.00120343 -0.00917091   -0.999958 0.000194599  -0.00120516 -0.000183554    -0.999999    0.99961  0.0258759 -0.0104678  0.0258882  -0.999664 0.00104093  -0.0104373 -0.00131151   -0.999945  0.00358772 -0.00201869 -0.00122643    -1.57659 -0.00128937     1.56413  -0.0235262
   0.563975 -0.00942536    0.651374   0.565391 -0.0102614   0.649833    0.999945  -0.0104255 -0.00120254 -0.0104253  -0.999946 0.00019523  -0.00120451 -0.000182682    -0.999999   0.999637  0.0248072 -0.0105241  0.0248199  -0.999691 0.00107426  -0.0104942 -0.00133508   -0.999944    0.0037334  -0.00276232 -0.000944138     -1.57736  -0.00130844       1.5641   -0.0220294
   0.563712 -0.00918298    0.651373   0.565129 -0.0100266   0.649876     0.99993  -0.0117322 -0.00120162   -0.011732   -0.999931 0.000195886  -0.00120384 -0.000181775    -0.999999   0.999622  0.0252656 -0.0108003  0.0252786   -0.99968 0.00106444  -0.0107699 -0.00133705   -0.999941  0.00419736  -0.0035305 -0.00099206    -1.57811 -0.00130606      1.5638  -0.0220723
   0.563438 -0.00893095    0.651372    0.564854 -0.00978315    0.649928    0.999914  -0.0130908 -0.00120066  -0.0130906   -0.999914 0.000196567  -0.00120313 -0.000180833    -0.999999   0.999651  0.0241122 -0.0107954  0.0241255  -0.999708 0.00110137  -0.0107657 -0.00136142   -0.999941  0.00436592 -0.00436497 -0.00069046    -1.57899 -0.00132489     1.56385  -0.0204484
   0.563154 -0.00866934    0.651371    0.564569 -0.00952685    0.649976    0.999894  -0.0145011 -0.00119967  -0.0145009   -0.999895 0.000197273   -0.0012024 -0.000179856    -0.999999  0.999643 0.0243334 -0.010997  0.0243468  -0.999703 0.00108958  -0.0109672 -0.00135693   -0.999939   0.00485492  -0.00522089 -0.000719309     -1.57985  -0.00131536      1.56365   -0.0202098
   0.56286 -0.0083982   0.651369    0.564273 -0.00926264    0.650028    0.999872  -0.0159628 -0.00119863  -0.0159625   -0.999873 0.000198002  -0.00120164 -0.000178844    -0.999999   0.999673  0.0230942 -0.0109418  0.0231079  -0.999732 0.00112947  -0.0109128 -0.00138194   -0.999939  0.00504541 -0.00613952 -0.00039959    -1.58084 -0.00133371     1.56378    -0.01846
   0.562556 -0.00811757    0.651368    0.563967 -0.00898584    0.650075    0.999847  -0.0174755 -0.00119756  -0.0174753   -0.999847 0.000198756  -0.00120085 -0.000177798    -0.999999   0.999672  0.0230917 -0.0110828  0.0231055  -0.999732 0.00111626   -0.011054 -0.00137197   -0.999938   0.00555801  -0.00707626 -0.000409842     -1.58181  -0.00131798      1.56367   -0.0179553
   0.562241 -0.00782752    0.651367     0.56365 -0.00870192    0.650124    0.999818  -0.0190389 -0.00119645  -0.0190387   -0.999819 0.000199533  -0.00120003 -0.000176718    -0.999999   0.999703  0.0217656 -0.0109906  0.0217796  -0.999762 0.00115821  -0.0109628 -0.00139724   -0.999939   0.00576901  -0.00807142 -7.24792e-05     -1.58291  -0.00133538      1.56387   -0.0160804
  0.561916 -0.0075281   0.651365    0.563325 -0.00840617    0.650164   0.999786 -0.0206529 -0.0011953  -0.0206526   -0.999787 0.000200334  -0.00119919 -0.000175605    -0.999999   0.999706  0.0215507 -0.0110862  0.0215647  -0.999767 0.00114359   -0.011059 -0.00138232   -0.999938   0.00630283  -0.00908065 -6.46114e-05       -1.584  -0.00131392      1.56385   -0.0153236
   0.561581 -0.00721937    0.651364     0.56299 -0.00810377    0.650206     0.99975  -0.0223169 -0.00119412  -0.0223167   -0.999751 0.000201158  -0.00119831 -0.000174459    -0.999999   0.999737  0.0201356 -0.0109712  0.0201499  -0.999796 0.00118677   -0.010945 -0.00140752   -0.999939  0.00653172  -0.0101438 0.000290871     -1.5852  -0.0013299     1.56411  -0.0133238
   0.561236 -0.00690138    0.651362    0.562647 -0.00779089    0.650238   0.999711 -0.0240309 -0.0011929  -0.0240306   -0.999711 0.000202004  -0.00119741 -0.000173279    -0.999999   0.999745  0.0197165 -0.0110359  0.0197306  -0.999805 0.00117079  -0.0110107 -0.00138824   -0.999938  0.00708342  -0.0112166 0.000316858     -1.5864  -0.0013032     1.56416  -0.0123267
   0.560881 -0.00657419    0.651361    0.562296 -0.00747175     0.65027    0.999667  -0.0257943 -0.00119165  -0.0257941   -0.999667 0.000202872  -0.00119648 -0.000172067    -0.999999   0.999775  0.0182085 -0.0109111  0.0182229  -0.999833 0.00121429  -0.0108872 -0.00141285    -0.99994  0.00732708  -0.0123386  0.00069046     -1.5877 -0.00131702     1.56446   -0.010201
   0.560517 -0.00623784    0.651359    0.561937 -0.00714252    0.650292    0.999618   -0.027607 -0.00119035  -0.0276068   -0.999619 0.000203763  -0.00119552 -0.000170823    -0.999999   0.999785  0.0175935 -0.0109589  0.0176077  -0.999844 0.00119716  -0.0109361 -0.00138986   -0.999939  0.00789404  -0.0134668  0.00073576    -1.58899 -0.00128555     1.56457 -0.00897336
  0.560142 -0.0058924   0.651357     0.56157 -0.00680731    0.650312    0.999565  -0.0294686 -0.00118902  -0.0294684   -0.999566 0.000204675  -0.00119454 -0.000169547    -0.999999   0.999813  0.0159897 -0.0108378   0.016004  -0.999871 0.00124047  -0.0108166 -0.00141368    -0.99994  0.00814986  -0.0146396  0.00112891    -1.59038 -0.00129676     1.56491 -0.00672007
   0.559757 -0.00553792    0.651356    0.561196 -0.00646232    0.650322    0.999507  -0.0313788 -0.00118766  -0.0313786   -0.999508 0.000205609 -0.00119352 -0.00016824   -0.999999   0.999825  0.0151864 -0.0108826  0.0152006  -0.999884 0.00122181  -0.0108627 -0.00138702    -0.99994  0.00872993  -0.0158167  0.00119448    -1.59175 -0.00126028     1.56506 -0.00527072
   0.559363 -0.00517445    0.651354    0.560814 -0.00611107     0.65033    0.999443  -0.0333373 -0.00118625  -0.0333371   -0.999444 0.000206563  -0.00119248 -0.000166902    -0.999999   0.999851  0.0134852 -0.0107769  0.0134996  -0.999908 0.00126464  -0.0107589 -0.00140994   -0.999941  0.00899673   -0.017035  0.00160837    -1.59322 -0.00126839     1.56542 -0.00288844
   0.558959 -0.00480205    0.651352    0.560425 -0.00574975    0.650327    0.999375  -0.0353439 -0.00118481  -0.0353436   -0.999375 0.000207538  -0.00119141 -0.000165532    -0.999999   0.999863  0.0125018 -0.0108315   0.012516  -0.999921 0.00124481  -0.0108151 -0.00138021   -0.999941   0.0095892  -0.0182567  0.00169587    -1.59468 -0.00122714     1.56559 -0.00122476
   0.558545 -0.00442078     0.65135    0.560028 -0.00538191    0.650323      0.9993   -0.037398 -0.00118334  -0.0373978     -0.9993 0.000208533  -0.00119031 -0.000164133    -0.999999   0.999885   0.010703 -0.0107509  0.0107174  -0.999942 0.00128662 -0.0107365 -0.0014017  -0.999941  0.00986648  -0.0195179  0.00213194    -1.59623 -0.00123119     1.56596   0.0012877
   0.558122 -0.00403068    0.651349    0.559623 -0.00500425     0.65031    0.999219  -0.0394996 -0.00118182  -0.0394994    -0.99922 0.000209548  -0.00118918 -0.000162703    -0.999999   0.999896 0.00954724 -0.0108232 0.00956149  -0.999953 0.00126617  -0.0108106 -0.00136953   -0.999941   0.0104706  -0.0207827  0.00224209    -1.59776 -0.00118542     1.56615  0.00315809
    0.55769 -0.00363182    0.651347    0.559209 -0.00461941    0.650296    0.999132  -0.0416482 -0.00118028   -0.041648   -0.999132 0.000210583  -0.00118802 -0.000161244    -0.999999   0.999913 0.00765124 -0.0107718 0.00766575   -0.99997 0.00130684 -0.0107615 -0.0013893  -0.999941  0.0107582 -0.0220864 0.00270128   -1.59937 -0.0011847     1.5665 0.00580096
   0.557247 -0.00322425    0.651345    0.558787 -0.00422515    0.650276    0.999038  -0.0438435 -0.00117869  -0.0438433   -0.999038 0.000211637  -0.00118684 -0.000159755    -0.999999   0.999921 0.00633061 -0.0108634 0.00634496  -0.999979 0.00128647  -0.010855 -0.0013553   -0.99994   0.0113735  -0.0233953  0.00283504    -1.60096 -0.00113463     1.56669  0.00787091
   0.556796 -0.00280802    0.651343    0.558356 -0.00382338    0.650258    0.998937  -0.0460853 -0.00117707   -0.046085   -0.998937 0.000212709  -0.00118562 -0.000158238    -0.999999   0.999932 0.00433789 -0.0108383 0.00435252   -0.99999 0.00132665  -0.0108324 -0.00137373    -0.99994   0.0116706  -0.0247436  0.00331807    -1.60262 -0.00112915     1.56703   0.0106437
   0.556335 -0.00238319    0.651341   0.557915 -0.0034121   0.650235    0.998829  -0.0483731 -0.00117541 -0.0483729  -0.998829  0.0002138  -0.00118438 -0.000156692    -0.999999   0.999936 0.00286001 -0.0109443 0.00287448  -0.999995 0.00130683  -0.0109405 -0.00133821   -0.999939   0.0122972  -0.0260992  0.00347614    -1.60427 -0.00107479     1.56721   0.0129063
   0.555865 -0.00194981    0.651339    0.557464 -0.00299329    0.650217    0.998713  -0.0507067 -0.00117372  -0.0507065   -0.998714 0.000214909  -0.00118311 -0.000155117    -0.999999     0.99994 0.000771276  -0.0109378 0.000786051   -0.999999  0.00134662  -0.0109367 -0.00135513   -0.999939   0.0126035  -0.0274954   0.0039835    -1.60598 -0.00106406     1.56753   0.0158086
   0.555386 -0.00150794    0.651337    0.557003 -0.00256487    0.650198    0.998589  -0.0530857 -0.00117199  -0.0530855    -0.99859 0.000216036  -0.00118181 -0.000153515    -0.999999     0.999939 -0.000856716   -0.0110493 -0.000842096    -0.999999   0.00132772  -0.0110504 -0.00131833   -0.999938   0.0132408  -0.0289013   0.0041666    -1.60768 -0.00100541     1.56771   0.0182569
   0.554897 -0.00105763    0.651334    0.556532 -0.00212894    0.650185    0.998457  -0.0555099 -0.00117023 -0.0555096  -0.998458 0.00021718  -0.00118048 -0.000151886    -0.999999    0.999934 -0.00304028  -0.0110507 -0.00302535   -0.999994  0.00136727  -0.0110548 -0.00133375   -0.999938    0.0135567   -0.0303495   0.00469828     -1.60944 -0.000989199      1.56801    0.0212877
    0.554399 -0.000598939     0.651332    0.55605 -0.0016834   0.650173    0.998317  -0.0579788 -0.00116843  -0.0579786   -0.998318 0.000218341  -0.00117912 -0.000150229    -0.999999    0.999926 -0.00481194  -0.0111567 -0.00479718   -0.999988  0.00134969  -0.0111631 -0.00129607   -0.999937    0.0142045     -0.03181   0.00490665     -1.61118 -0.000926495      1.56818    0.0239153
   0.553893 -0.00013192     0.65133    0.555558 -0.00123014    0.650167   0.998168 -0.0604922 -0.0011666   -0.060492   -0.998169 0.000219518  -0.00117774 -0.000148546    -0.999999    0.999913 -0.00708841  -0.0111545 -0.00707335   -0.999974  0.00138919  -0.0111641 -0.00131016   -0.999937    0.0145299   -0.0333138   0.00546312     -1.61298 -0.000904799      1.56848    0.0270731
   0.553377 0.000343373    0.651328     0.555054 -0.000767224     0.650164     0.99801  -0.0630498 -0.00116472  -0.0630495    -0.99801 0.000220712  -0.00117632 -0.000146837    -0.999999    0.999896 -0.00899682  -0.0112449 -0.00898194   -0.999959  0.00137289  -0.0112568 -0.00127175   -0.999936    0.0151885    -0.034832   0.00569701     -1.61476 -0.000838041      1.56865    0.0298736
   0.552853 0.000826885    0.651325      0.55454 -0.000296696     0.650168    0.997842  -0.0656511 -0.00116282  -0.0656509   -0.997843 0.000221921  -0.00117488 -0.000145102    -0.999999   0.999872 -0.0113647 -0.0112296 -0.0113496  -0.999935 0.00141231   -0.011245 -0.00128468   -0.999936    0.0155234   -0.0363939   0.00627828     -1.61661 -0.000810862      1.56894    0.0331571
  0.552319 0.00131856   0.651323    0.554016 0.000183713    0.650173    0.997664  -0.0682959 -0.00116088  -0.0682957   -0.997665 0.000223145  -0.00117341 -0.000143341    -0.999999   0.999846 -0.0134034 -0.0112971 -0.0133885  -0.999909 0.00139737 -0.0113148 -0.0012459  -0.999935   0.0161927  -0.0379715  0.00653791    -1.61844 -0.00074029     1.56913   0.0361242
  0.551777 0.00181834   0.651321    0.553481 0.000671516    0.650186   0.997477 -0.0709838 -0.0011589  -0.0709836   -0.997477 0.000224385   -0.0011719 -0.000141555    -0.999999   0.999811 -0.0158611  -0.011262 -0.0158459  -0.999873 0.00143585  -0.0112833 -0.00125712   -0.999936    0.0165374   -0.0395925   0.00714374     -1.62034 -0.000706911      1.56943    0.0395317
  0.551226 0.00232618   0.651318   0.552935 0.00116911     0.6502    0.997279  -0.0737145 -0.00115689  -0.0737143   -0.997279 0.000225638  -0.00117037 -0.000139745    -0.999999   0.999774 -0.0180246 -0.0113004 -0.0180096  -0.999837 0.00142239  -0.0113242 -0.00121855   -0.999935    0.0172172   -0.0412295   0.00742888     -1.62222 -0.000633001      1.56964    0.0426595
  0.550667 0.00284202   0.651316    0.55238 0.00167455    0.65022     0.99707  -0.0764877 -0.00115484  -0.0764875   -0.997071 0.000226906  -0.00116881 -0.000137911    -0.999999   0.999725 -0.0205691 -0.0112413  -0.020554  -0.999788 0.00145971  -0.0112689 -0.00122826   -0.999936    0.0175719   -0.0429089   0.00805974     -1.62416 -0.000593424      1.56996    0.0461888
 0.550098 0.0033658  0.651313   0.551815 0.00218894   0.650241     0.99685   -0.079303 -0.00115276  -0.0793028   -0.996851 0.000228188  -0.00116722 -0.000136053    -0.999999   0.999676 -0.0228528   -0.01125 -0.0228379  -0.999738 0.00144722  -0.0112802 -0.00118982   -0.999936    0.0182619   -0.0446041   0.00836992     -1.62611 -0.000515938      1.57019    0.0494721
  0.549522 0.00389747   0.651311    0.55124 0.00271133   0.650266    0.996618    -0.08216 -0.00115064  -0.0821598   -0.996619 0.000229483   -0.0011656 -0.000134171    -0.999999   0.999613  -0.025483 -0.0111658  -0.025468  -0.999675 0.00148316  -0.0111999 -0.00119821   -0.999937     0.018626   -0.0463398   0.00902534      -1.6281 -0.000470161      1.57054    0.0531209
  0.548936 0.00443698   0.651308   0.550655 0.00324264   0.650291    0.996375  -0.0850584 -0.00114849  -0.0850582   -0.996376 0.000230791  -0.00116396 -0.000132266    -0.999999   0.999549 -0.0278813  -0.011146 -0.0278666  -0.999611 0.00147144  -0.0111827 -0.00116017   -0.999937     0.019326     -0.04809   0.00936103      -1.6301 -0.000389099       1.5708    0.0565543
  0.548343 0.00498427   0.651306   0.550062 0.00378157   0.650318    0.99612  -0.087998 -0.0011463  -0.0879977   -0.996121 0.000232111  -0.00116228 -0.000130339    -0.999999   0.999471 -0.0305959 -0.0110397 -0.0305812  -0.999531 0.00150572  -0.0110806 -0.00116732   -0.999938    0.0196989   -0.0498784    0.0100408     -1.63215 -0.000336885      1.57117    0.0603206
  0.547741 0.00553928   0.651303   0.549461 0.00432911   0.650344    0.995852  -0.0909782 -0.00114408   -0.090978   -0.995853 0.000233444 -0.00116057 -0.00012839   -0.999999   0.999391 -0.0331053 -0.0109945 -0.0330909  -0.999451 0.00149513  -0.011038 -0.0011304  -0.999938    0.0204082   -0.0516801    0.0104015     -1.63421 -0.000252724      1.57146    0.0638995
   0.54713 0.00610196     0.6513    0.54885 0.00488416   0.650372    0.995572  -0.0939987 -0.00114182  -0.0939985   -0.995572 0.000234788  -0.00115883 -0.000126419    -0.999999   0.999296 -0.0359034 -0.0108711 -0.0358888  -0.999355 0.00152766  -0.0109189 -0.00113644    -0.99994    0.0207891   -0.0535169    0.0111055     -1.63632 -0.000193834      1.57186    0.0677817
  0.546511 0.00667226   0.651298   0.548232 0.00544772   0.650397    0.995278  -0.0970593 -0.00113953  -0.0970591   -0.995279 0.000236143  -0.00115707 -0.000124426    -0.999999   0.999199 -0.0385197 -0.0108062 -0.0385055  -0.999257 0.00151762  -0.0108566 -0.00110031    -0.99994     0.021507   -0.0553656    0.0114915     -1.63843 -0.000105858      1.57218    0.0715015
  0.545885 0.00725012   0.651295   0.547606 0.00601862   0.650422   0.994971   -0.10016 -0.0011372   -0.100159   -0.994971 0.000237509  -0.00115527 -0.000122413    -0.999999   0.999086 -0.0414001 -0.0106713 -0.0413859  -0.999142 0.00154852  -0.0107262 -0.00110546   -0.999942    0.0218954   -0.0572464    0.0122201      -1.6406 -4.00543e-05       1.5726    0.0754981
   0.54525 0.00783549   0.651292   0.546972 0.00659725   0.650444     0.99465   -0.103299 -0.00113484   -0.103299    -0.99465 0.000238885  -0.00115345 -0.000120379    -0.999999    0.99897 -0.0441214 -0.0105936 -0.0441076  -0.999026  0.0015394  -0.0106512 -0.00107055   -0.999943   0.0226207  -0.0591376   0.0126309    -1.64276 5.17368e-05     1.57295   0.0793552
 0.544606 0.0084283  0.651289   0.546331 0.00718361   0.650465    0.994314   -0.106477 -0.00113245   -0.106477   -0.994315 0.000240271  -0.00115159 -0.000118326    -0.999999   0.998836 -0.0470835  -0.010454 -0.0470696   -0.99889 0.00156876  -0.0105162 -0.00107487   -0.999944   0.0230155  -0.0610583   0.0133843    -1.64498 0.000124931     1.57338   0.0834649
  0.543955 0.00902852   0.651287   0.545682 0.00777735   0.650482    0.993965   -0.109694 -0.00113002   -0.109694   -0.993965 0.000241667  -0.00114971 -0.000116253    -0.999999     0.9987 -0.0499059 -0.0103702 -0.0498923  -0.998753 0.00156068  -0.0104352 -0.00104125   -0.999945   0.0237474  -0.0629878   0.0138206     -1.6472 0.000221014     1.57375   0.0874555
  0.543296 0.00963607   0.651284   0.545026 0.00837849   0.650498      0.9936    -0.11295 -0.00112755   -0.112949   -0.993601 0.000243072 -0.00114779 -0.00011416   -0.999999   0.998545 -0.0529487 -0.0102311 -0.0529352  -0.998597 0.00158891  -0.0103008 -0.00104502   -0.999946   0.0241475  -0.0649445   0.0145988    -1.64946 0.000301838     1.57419   0.0916762
 0.542629 0.0102509  0.651281   0.544363 0.00898651   0.650511     0.99322   -0.116242 -0.00112505   -0.116242   -0.993221 0.000244485  -0.00114585 -0.000112049    -0.999999   0.998386 -0.0558707 -0.0101469 -0.0558574  -0.998438 0.00158254 -0.0102195 -0.0010132  -0.999947   0.0248849  -0.0669091   0.0150604    -1.65173 0.000402212     1.57458   0.0957975
0.541954 0.010873 0.651278   0.543693 0.00960221   0.650522    0.992825   -0.119573 -0.00112252   -0.119573   -0.992825 0.000245907 -0.00114387 -0.00010992   -0.999999   0.998208 -0.0589938 -0.0100136 -0.0589806  -0.998258 0.00160955  -0.0100911 -0.00101606   -0.999949   0.0252893  -0.0688987   0.0158639    -1.65404 0.000491619     1.57502    0.100128
 0.541272 0.0115022  0.651275  0.543016 0.0102246  0.650529    0.992413    -0.12294 -0.00111995    -0.12294   -0.992414 0.000247336  -0.00114186 -0.000107773    -0.999999    0.998026   -0.062012 -0.00993306 -0.0619991  -0.998075 0.00160492   -0.0100135 -0.000985915    -0.999949  0.0260315 -0.0708954  0.0163515   -1.65635   0.000597    1.57542   0.104377
 0.540581 0.0121386  0.651272  0.542331 0.0108542  0.650536    0.991986   -0.126344 -0.00111735   -0.126344   -0.991986 0.000248773  -0.00113983 -0.000105608    -0.999999   0.997823 -0.0652156 -0.0098089 -0.0652026  -0.997871 0.00163133   -0.0098944 -0.000988215    -0.999951    0.026439   -0.072916   0.0171804    -1.65869 0.000695229     1.57586    0.108818
 0.539883 0.0127821  0.651269   0.54164 0.0114904  0.650539    0.991542   -0.129785 -0.00111472   -0.129785   -0.991542 0.000250216  -0.00113776 -0.000103427    -0.999999    0.997615  -0.0683281 -0.00973436 -0.0683155  -0.997662 0.00162891  -0.00982291 -0.000960023    -0.999951   0.0271847  -0.0749435   0.0176942    -1.66104 0.000805855     1.57625    0.113191
 0.539178 0.0134325  0.651266  0.540941 0.0121338  0.650542     0.99108   -0.133261 -0.00111205   -0.133261   -0.991081 0.000251666  -0.00113567 -0.000101229    -0.999999    0.997386  -0.0716112 -0.00962113 -0.0715985  -0.997432 0.00165428  -0.00971489 -0.000961102    -0.999952   0.0275948  -0.0769937   0.0185487    -1.66342 0.000914097     1.57669     0.11774
 0.538465 0.0140899  0.651262  0.540235 0.0127837  0.650543    0.990602   -0.136773 -0.00110935   -0.136773   -0.990602 0.000253122 -0.00113354 -9.9015e-05   -0.999999    0.997152  -0.0748157 -0.00955353 -0.0748033  -0.997197  0.0016543  -0.00965052 -0.000934953    -0.999953  0.0283432 -0.0790508  0.0190897    -1.6658 0.00103045    1.57708   0.122236
 0.537744 0.0147543  0.651259  0.539522 0.0134409  0.650544    0.990106    -0.14032 -0.00110661    -0.14032   -0.990106 0.000254584  -0.00113139 -9.67855e-05    -0.999999    0.996895   -0.078177 -0.00945028 -0.0781646  -0.996939 0.00167899  -0.00955261 -0.000935101    -0.999954  0.0287549   -0.08113  0.0199707   -1.66821 0.00114894     1.5775   0.126891
 0.537016 0.0154254  0.651256  0.538801 0.0141043  0.650543    0.989591   -0.143902 -0.00110384   -0.143901   -0.989592 0.000256051   -0.0011292 -9.45408e-05    -0.999999    0.996631   -0.081471 -0.00938844 -0.0814588  -0.996675 0.00168114  -0.00949419 -0.000910705    -0.999955  0.0295055 -0.0832167  0.0205388   -1.67061 0.00127172    1.57788   0.131507
  0.53628 0.0161034  0.651253  0.538073 0.0147746  0.650543    0.989059   -0.147518 -0.00110104   -0.147518   -0.989059 0.000257522  -0.00112698 -9.22815e-05    -0.999999    0.996345  -0.0849101 -0.00929376 -0.0848978  -0.996388 0.00170537    -0.009405 -0.000910121    -0.999955   0.029918  -0.085325  0.0214462   -1.67305 0.00140071     1.5783   0.136269
 0.535538 0.0167881   0.65125  0.537338 0.0154514  0.650542   0.988508  -0.151168 -0.0010982   -0.151168   -0.988508 0.000258997  -0.00112474 -9.00079e-05    -0.999999    0.996052  -0.0882914 -0.00923626 -0.0882793  -0.996094 0.00170958  -0.00935113 -0.000887457    -0.999956  0.0306699 -0.0874412   0.022042   -1.67548 0.00153041    1.57867   0.141002
 0.534788 0.0174795  0.651246  0.536595 0.0161352  0.650543    0.987937   -0.154851 -0.00109534   -0.154851   -0.987938 0.000260477  -0.00112246 -8.77206e-05    -0.999999    0.995735  -0.0918067 -0.00914691 -0.0917946  -0.995776 0.00173287  -0.00926737 -0.000885842    -0.999957  0.0310829 -0.0895789  0.0229766   -1.67793  0.0016706    1.57908   0.145868
  0.53403 0.0181775  0.651243  0.535844 0.0168248  0.650544    0.987347   -0.158568 -0.00109243   -0.158568   -0.987348 0.000261959 -0.00112015  -8.542e-05   -0.999999     0.99541  -0.0952737 -0.00909037 -0.0952618  -0.995451 0.00173917  -0.00921471 -0.000865223    -0.999957  0.0318353 -0.0917251  0.0236001   -1.68039 0.00180721    1.57944   0.150717
 0.533266 0.0188821   0.65124  0.535086 0.0175221  0.650546   0.986738  -0.162317 -0.0010895   -0.162317   -0.986739 0.000263445  -0.00111781 -8.31066e-05    -0.999999     0.99506  -0.0988628 -0.00900336 -0.0988509  -0.995101 0.00176095  -0.00913334 -0.000862257    -0.999958  0.0322483 -0.0938926  0.0245624   -1.68287 0.00195932    1.57983   0.155686
 0.532495 0.0195932  0.651236   0.53432 0.0182248  0.650548    0.986108   -0.166099 -0.00108653   -0.166099   -0.986109 0.000264933  -0.00111544 -8.07807e-05    -0.999999    0.994702   -0.102413 -0.00894455 -0.102401 -0.994742 0.0017684  -0.00907862 -0.000843098    -0.999958  0.0330009 -0.0960691  0.0252142   -1.68534 0.00210381    1.58019   0.160647
 0.531716 0.0203107  0.651233 0.533547 0.018935 0.650553    0.985459   -0.169913 -0.00108353   -0.169913   -0.985459 0.000266422 -0.00111304 -7.8443e-05   -0.999999    0.994319   -0.106075 -0.00885725  -0.106063  -0.994358 0.00178893  -0.00899704 -0.000839341    -0.999959  0.0334134 -0.0982664  0.0262039   -1.68784  0.0022676    1.58058   0.165718
 0.530931 0.0210347   0.65123  0.532766 0.0196506  0.650558   0.984788  -0.173758 -0.0010805   -0.173758   -0.984788 0.000267914  -0.00111061 -7.60938e-05    -0.999999    0.993925   -0.109705 -0.00879333  -0.109693  -0.993964 0.00179718  -0.00893742 -0.000821698     -0.99996  0.0341659  -0.100473  0.0268841   -1.69034 0.00242019    1.58093   0.170789
 0.530138 0.0217651  0.651226  0.531978 0.0203736  0.650564    0.984096   -0.177634 -0.00107743   -0.177634   -0.984097 0.000269406  -0.00110815 -7.37336e-05    -0.999999   0.993507  -0.113438 -0.0087028  -0.113427  -0.993545 0.00181568  -0.00885258 -0.000816759     -0.99996  0.0345774    -0.1027  0.0279014   -1.69285 0.00259638    1.58131    0.17596
 0.529339 0.0225017  0.651223  0.531182 0.0211022  0.650572    0.983383   -0.181541 -0.00107433 -0.181541 -0.983383 0.0002709  -0.00110566 -7.13628e-05    -0.999999    0.993077   -0.117146 -0.00863177  -0.117134  -0.993114 0.00182377  -0.00878598 -0.000800064    -0.999961  0.0353291  -0.104937  0.0286107   -1.69537 0.00275803    1.58166   0.181139
 0.528533 0.0232446  0.651219 0.530379 0.021838 0.650581   0.982648  -0.185478 -0.0010712   -0.185478   -0.982648 0.000272393 -0.00110314 -6.8982e-05   -0.999999    0.992622   -0.120949 -0.00853589  -0.120938  -0.992658 0.00184014  -0.00869579 -0.000794251    -0.999962  0.0357394  -0.107193  0.0296557   -1.69791 0.00294662    1.58203   0.186408
 0.527721 0.0239937  0.651215  0.529569 0.0225794  0.650591    0.981891   -0.189445 -0.00106804   -0.189445   -0.981891 0.000273886  -0.00110059 -6.65916e-05    -0.999999    0.992154   -0.124732 -0.00845721  -0.124721   -0.99219 0.00184842  -0.00862171 -0.000779133    -0.999963  0.0364902  -0.109458  0.0303941   -1.70044 0.00311708    1.58238   0.191693
 0.526902 0.0247489  0.651212  0.528751 0.0233278  0.650602    0.981111   -0.193441 -0.00106485   -0.193441   -0.981112 0.000275378    -0.001098 -6.41921e-05    -0.999999    0.991661   -0.128603 -0.00835473  -0.128592  -0.991696 0.00186198  -0.00852481 -0.000772104    -0.999963  0.0368989  -0.111742   0.031467     -1.703 0.00331879    1.58275   0.197057
 0.526076 0.0255102  0.651208  0.527927 0.0240816  0.650613    0.980309   -0.197466 -0.00106162  -0.197466   -0.98031 0.00027687  -0.00109539 -6.17839e-05    -0.999999    0.991154   -0.132459 -0.00826803  -0.132448  -0.991188 0.00186984  -0.00844285 -0.000758213    -0.999964   0.037648  -0.114035  0.0322344   -1.70555 0.00349879     1.5831   0.202446
 0.525243 0.0262775  0.651205  0.527095 0.0248427  0.650625    0.979484    -0.20152 -0.00105836    -0.20152   -0.979484 0.000278359  -0.00109274 -5.93676e-05    -0.999999    0.990621   -0.136395 -0.00815931 -0.136384 -0.990654 0.0018804  -0.00833953 -0.000749963    -0.999965  0.0380547  -0.116345  0.0333357   -1.70813 0.00371408    1.58347   0.207905
 0.524404 0.0270508  0.651201  0.526257 0.0256086  0.650637    0.978635   -0.205602 -0.00105507   -0.205602   -0.978636 0.000279847  -0.00109007 -5.69435e-05    -0.999999   0.990073  -0.140322 -0.0080651  -0.140311  -0.990106 0.00188778   -0.0082502 -0.000737416    -0.999966  0.0388017  -0.118664  0.0341318    -1.7107 0.00390387    1.58382   0.213393
0.523559  0.02783 0.651197 0.525413 0.026382 0.650649    0.977763   -0.209711 -0.00105175   -0.209711   -0.977763 0.000281332  -0.00108736 -5.45122e-05    -0.999999   0.989499  -0.144322 -0.0079519  -0.144312   -0.98953 0.00189542   -0.0081422 -0.000727962    -0.999967   0.039206  -0.120999  0.0352612   -1.71329 0.00413322     1.5842   0.218945
 0.522707 0.0286151  0.651194  0.524562 0.0271599   0.65066   0.976866  -0.213848 -0.0010484   -0.213848   -0.976867 0.000282814  -0.00108462 -5.20741e-05    -0.999999    0.988909   -0.148318 -0.00785189  -0.148307   -0.98894 0.00190243   -0.0080472 -0.000716836    -0.999967  0.0399506   -0.12334  0.0360863   -1.71589 0.00433326    1.58455   0.224532
0.521849 0.029406  0.65119  0.523704 0.0279454  0.650672    0.975946   -0.218011 -0.00104501   -0.218011   -0.975946 0.000284293  -0.00108186 -4.96297e-05    -0.999999    0.988292    -0.15238 -0.00773673   -0.15237  -0.988322 0.00190721    -0.007937 -0.000706036    -0.999968 0.0403519 -0.125698 0.0372438   -1.7185 0.0045774   1.58492  0.230174
 0.520985 0.0302026  0.651186   0.52284 0.0287351  0.650683      0.975  -0.222201 -0.0010416     -0.2222   -0.975001 0.000285767  -0.00107906 -4.71794e-05    -0.999999   0.987658  -0.156442 -0.0076322  -0.156432  -0.987687 0.00191362   -0.0078376 -0.000696084    -0.999969 0.0410938 -0.128061 0.0380979  -1.72111 0.0047884   1.58527  0.235857
 0.520115 0.0310049  0.651182   0.52197 0.0295325  0.650695     0.97403   -0.226416 -0.00103815   -0.226416   -0.974031 0.000287238  -0.00107623 -4.47239e-05    -0.999999    0.986997   -0.160565 -0.00751411  -0.160555  -0.987025 0.00191493  -0.00772409 -0.000683599     -0.99997  0.0414915   -0.13044  0.0392838   -1.72373 0.00504804    1.58563   0.241588
 0.519238 0.0318129  0.651178  0.521093 0.0303335  0.650708    0.973035   -0.230657 -0.00103468   -0.230656   -0.973035 0.000288704  -0.00107337 -4.22634e-05    -0.999999    0.986317   -0.164691 -0.00740047  -0.164681  -0.986345 0.00191963 -0.00761556 -0.00067465   -0.999971  0.0422299  -0.132825  0.0401666   -1.72635 0.00527024    1.58598   0.247365
 0.518356 0.0326265  0.651174   0.52021 0.0311419  0.650724    0.972014   -0.234922 -0.00103117   -0.234922   -0.972014 0.000290164  -0.00107048 -3.97985e-05    -0.999999    0.985611   -0.168874 -0.00726966  -0.168864  -0.985637 0.00191578  -0.00748877 -0.000660628    -0.999972 0.0426226 -0.135226 0.0413809  -1.72898 0.0055449   1.58635  0.253183
 0.517467 0.0334456  0.651171  0.519321 0.0319534  0.650742    0.970967   -0.239212 -0.00102764   -0.239212   -0.970967 0.000291619  -0.00106756 -3.73297e-05    -0.999999    0.984885   -0.173064 -0.00713686  -0.173054   -0.98491 0.00191679 -0.00736089 -0.00065275   -0.999973  0.0433555  -0.137635  0.0422928    -1.7316 0.00577784     1.5867   0.259051
 0.516573 0.0342702  0.651167  0.518425 0.0327722  0.650761    0.969894   -0.243526 -0.00102407   -0.243526   -0.969894 0.000293068  -0.00106461 -3.48574e-05    -0.999999    0.984131   -0.177305 -0.00699272  -0.177296  -0.984156 0.00190848  -0.00722031 -0.000638411    -0.999974  0.0437422  -0.140056  0.0435355   -1.73424 0.00606656    1.58707   0.264955
 0.515672 0.0351002  0.651163  0.517525 0.0335952  0.650775    0.968794   -0.247864 -0.00102047   -0.247864   -0.968795 0.000294511  -0.00106163 -3.23822e-05    -0.999999    0.983357   -0.181555 -0.00685901 -0.181546 -0.983381 0.0019095   -0.0070917 -0.000632492    -0.999975   0.044471  -0.142482   0.044477   -1.73689 0.00631118    1.58742   0.270913
 0.514766 0.0359355  0.651159  0.516619 0.0344265  0.650782    0.967668   -0.252225 -0.00101685   -0.252225   -0.967669 0.000295947  -0.00105862 -2.99044e-05    -0.999999    0.982555    -0.18585 -0.00673143  -0.185841  -0.982578 0.00190253  -0.00696774 -0.000618367    -0.999976  0.0448551  -0.144918  0.0457482   -1.73955 0.00661635    1.58779   0.276901
 0.513854 0.0367762  0.651155  0.515708 0.0352624  0.650781    0.966515   -0.256608 -0.00101319   -0.256608   -0.966516 0.000297375  -0.00105557 -2.74245e-05    -0.999999    0.981732   -0.190154 -0.00662336  -0.190146  -0.981754 0.00190975  -0.00686566 -0.000615463    -0.999976   0.045583  -0.147355  0.0467191   -1.74223 0.00687432    1.58814   0.282947
 0.512936 0.0376222  0.651151  0.514791 0.0361062  0.650777    0.965335   -0.261013 -0.00100951   -0.261013   -0.965335 0.000298795   -0.0010525 -2.49432e-05    -0.999999  0.980881   -0.1945 -0.006523  -0.194491  -0.980902 0.00190637  -0.00676921 -0.000601253    -0.999977   0.045965  -0.149801  0.0480185   -1.74492 0.00719762    1.58849   0.289016
 0.512013 0.0384733  0.651147 0.513869 0.036953 0.650772    0.964127    -0.26544 -0.00100579    -0.26544   -0.964127 0.000300207   -0.0010494 -2.24607e-05    -0.999999    0.980007   -0.198858 -0.00643102   -0.19885  -0.980028 0.00191784  -0.00668396 -0.000600686    -0.999977   0.046689  -0.152248  0.0490177    -1.7476 0.00746918    1.58882   0.295147
 0.511084 0.0393296  0.651143  0.512941 0.0378066   0.65077    0.962891   -0.269888 -0.00100205   -0.269888   -0.962892 0.000301611  -0.00104626 -1.99775e-05    -0.999999  0.979105 -0.203256 -0.006337  -0.203248  -0.979126 0.00191354  -0.00659365 -0.000585577    -0.999978   0.047065  -0.154705   0.050344   -1.75029 0.00780988    1.58915   0.301294
 0.51015 0.040191 0.651139  0.512008 0.0386622  0.650773     0.961627    -0.274357 -0.000998275   -0.274357   -0.961628 0.000303005   -0.0010431 -1.74943e-05    -0.999999    0.978179    -0.20767 -0.00623801  -0.207662  -0.978199 0.00192353  -0.00650147 -0.000586159    -0.999979  0.0477815  -0.157165  0.0513713   -1.75296 0.00809455    1.58947   0.307508
