  0.566622 -0.0119923   0.651744   0.566622 -0.0119923   0.651744     0.999999  0.000775635 -0.000694513  0.000775635           -1 -7.79009e-07 -0.000694513   2.4032e-07           -1     0.999999  0.000775635 -0.000694513  0.000775635           -1 -7.79009e-07 -0.000694513   2.4032e-07           -1  -2.6226e-06  0.000357151 -2.38419e-07     -1.57111  2.38419e-07      1.57077 -0.000778496
  0.566616 -0.0119868   0.651744   0.566622 -0.0119921   0.651746     0.999999  0.000746217 -0.000694503  0.000746217           -1 -7.68782e-07 -0.000694503  2.50532e-07           -1     0.999999  0.000772059 -0.000691413  0.000772058           -1 -1.01246e-06 -0.000691414   4.7865e-07           -1  -2.6226e-06  0.000355482            0     -1.57111  4.76837e-07      1.57077 -0.000774682
  0.566598 -0.0119704   0.651744   0.566712 -0.0119821   0.651483            1   0.00065816 -0.000694472   0.00065816           -1 -7.38172e-07 -0.000694472  2.81098e-07           -1    0.999998  0.00155002 -0.00120759   0.00155002    -0.999999 -1.15783e-06  -0.00120759 -7.13962e-07    -0.999999 -9.53674e-07  0.000613451 -2.38419e-07     -1.57134 -7.15256e-07      1.57075  -0.00155121
  0.566569 -0.0119432   0.651744   0.566714 -0.0119723   0.651438            1  0.000511758 -0.000694421  0.000511758           -1 -6.87286e-07 -0.000694422   3.3191e-07           -1   0.999998 0.00148159 -0.0012927   0.00148159    -0.999999 -1.66039e-06  -0.00129271 -2.54868e-07    -0.999999  7.15256e-06  0.000621319  1.07288e-05     -1.57143 -2.38419e-07      1.57076  -0.00146371
  0.566528 -0.0119052   0.651743   0.566775 -0.0119505   0.651227            1  0.000307307 -0.000694351  0.000307306           -1 -6.16235e-07 -0.000694351  4.02856e-07           -1   0.999996 0.00220066 -0.0017128   0.00220066    -0.999998 -2.28345e-06   -0.0017128 -1.48585e-06    -0.999999  2.12193e-05  0.000786543   2.0504e-05     -1.57167 -1.43051e-06      1.57074  -0.00215894
  0.566475 -0.0118565   0.651743   0.566777 -0.0119309   0.651146           1 4.50999e-05 -0.00069426  4.50995e-05           -1 -5.25134e-07 -0.00069426 4.93823e-07          -1    0.999996   0.0020681 -0.00186729    0.0020681    -0.999998 -2.79221e-06  -0.00186729 -1.06954e-06    -0.999998  3.79086e-05   0.00079298  4.19617e-05     -1.57183 -9.53674e-07      1.57076  -0.00198823
  0.566411 -0.0117971   0.651743   0.566817 -0.0118983   0.650957            1 -0.000274568 -0.000694149 -0.000274568           -1 -4.14102e-07 -0.000694149  6.04693e-07           -1    0.999994  0.00272709 -0.00224399   0.00272708    -0.999996 -4.46524e-06  -0.00224399 -1.65433e-06    -0.999997  6.24657e-05  0.000894547  6.19888e-05      -1.5721 -1.43051e-06      1.57075  -0.00260264
  0.566335 -0.0117271   0.651742   0.566817 -0.0118689   0.650846            1 -0.000651401 -0.000694018 -0.000651401           -1 -2.83259e-07 -0.000694018  7.35343e-07           -1    0.999994  0.00253087 -0.00245714   0.00253087    -0.999997 -4.66425e-06  -0.00245714 -1.55446e-06    -0.999997   8.7738e-05  0.000894547  9.39369e-05     -1.57233 -1.19209e-06      1.57077   -0.0023492
  0.566247 -0.0116465   0.651742   0.566843 -0.0118262   0.650664     0.999999  -0.00108511 -0.000693867  -0.00108511    -0.999999 -1.32731e-07 -0.000693867  8.85651e-07           -1    0.999991   0.0031293 -0.00282191   0.00312929    -0.999995 -7.77892e-06  -0.00282192 -1.05171e-06    -0.999996  0.000121355  0.000950813  0.000124216     -1.57265 -4.76837e-07      1.57077  -0.00288373
  0.566149 -0.0115554   0.651741   0.566839 -0.0117872   0.650527     0.999999  -0.00157539 -0.000693697 -0.00157539   -0.999999 3.73549e-08 -0.000693696  1.05549e-06           -1    0.999991   0.0028699 -0.00308488   0.00286989    -0.999996 -7.54085e-06 -0.00308489 -1.3125e-06   -0.999995   0.00015521  0.000940561  0.000166416     -1.57295 -4.76837e-07       1.5708  -0.00254828
  0.566038 -0.0114539   0.651741   0.566854 -0.0117348   0.650342     0.999998  -0.00212195 -0.000693507 -0.00212195   -0.999998 2.26867e-07 -0.000693506  1.24472e-06           -1    0.999988  0.00340753 -0.00345513   0.00340751    -0.999994 -1.22451e-05 -0.00345516 4.71541e-07   -0.999994 0.000197411 0.000962257 0.000206709    -1.57331 1.66893e-06     1.57081 -0.00300342
  0.565917 -0.0113419    0.65174   0.566846 -0.0116859   0.650183     0.999996   -0.0027245 -0.000693298  -0.0027245   -0.999996 4.35672e-07 -0.000693296  1.45322e-06           -1    0.999988   0.0030859 -0.00376055   0.00308588    -0.999995 -1.11626e-05  -0.00376057 -4.42165e-07    -0.999993 0.000240088 0.000938416 0.000259161    -1.57367 1.19209e-06     1.57085 -0.00258666
  0.565784 -0.0112196   0.651739   0.566851 -0.0116236   0.649991     0.999994  -0.00338274 -0.000693069 -0.00338274   -0.999994 6.63632e-07 -0.000693067  1.68084e-06           -1    0.999985  0.00356345 -0.00414462 0.00356341  -0.999994 -1.829e-05 -0.00414466 3.52076e-06   -0.999991 0.000291109 0.000930309 0.000309467    -1.57408 5.72205e-06     1.57086 -0.00296289
  0.565641 -0.0110871   0.651738   0.566837 -0.0115648   0.649813    0.999991 -0.00409637 -0.00069282 -0.00409637   -0.999992 9.10607e-07 -0.000692818  1.92745e-06           -1    0.999985  0.00318031 -0.00448485   0.00318027    -0.999995 -1.61556e-05 -0.00448488 1.89228e-06    -0.99999 0.000343084 0.000889063 0.000371933     -1.5745 4.76837e-06     1.57091 -0.00246531
  0.565486 -0.0109442   0.651738   0.566833 -0.0114922   0.649613     0.999988  -0.00486511 -0.000692552 -0.00486511   -0.999988 1.17645e-06 -0.00069255  2.1929e-06          -1    0.999982  0.00359921 -0.00488417   0.00359913    -0.999994 -2.55475e-05 -0.00488423 7.96823e-06   -0.999988 0.000403643 0.000852346 0.000432253    -1.57496 1.16825e-05     1.57093 -0.00276333
   0.56532 -0.0107912   0.651737   0.566812 -0.0114229   0.649422     0.999984  -0.00568865 -0.000692265 -0.00568865   -0.999984 1.46103e-06 -0.000692262  2.47705e-06           -1    0.999981   0.0031567 -0.00525135   0.00315663    -0.999995 -2.21305e-05 -0.00525139 5.55354e-06   -0.999986  0.00046587 0.000789642 0.000504732    -1.57544  1.0252e-05     1.57098 -0.00218612
  0.565143 -0.0106281   0.651736   0.566798 -0.0113398   0.649215     0.999978   -0.0065667 -0.000691959  -0.0065667   -0.999978 1.76417e-06 -0.000691955  2.77975e-06           -1    0.999978  0.00351766 -0.00566401   0.00351752    -0.999994 -3.38341e-05  -0.0056641 1.39101e-05   -0.999984 0.000536442 0.000723124 0.000574827    -1.57595 1.97887e-05     1.57101 -0.00240642
  0.564955 -0.0104549   0.651735   0.566768 -0.0112595   0.649014     0.999972  -0.00749896 -0.000691633 -0.00749896   -0.999972 2.08575e-06 -0.000691629  3.10085e-06           -1    0.999977  0.00301722 -0.00605003    0.0030171    -0.999995 -2.86476e-05 -0.00605009 1.03934e-05   -0.999982 0.000609875 0.000634432  0.00065732    -1.57649  1.7643e-05     1.57107 -0.00175005
  0.564756 -0.0102716   0.651734   0.566744 -0.0111655   0.648803     0.999964  -0.00848514 -0.000691288 -0.00848514   -0.999964 2.42559e-06 -0.000691284  3.44018e-06           -1   0.999974  0.0033219 -0.0064708   0.00332169    -0.999994 -4.29266e-05 -0.00647091 2.14315e-05   -0.999979 0.000691175 0.000535965  0.00073719    -1.57704 3.02792e-05     1.57111 -0.00189358
  0.564547 -0.0100784   0.651732   0.566704 -0.0110739   0.648596     0.999954  -0.00952494 -0.000690924 -0.00952494   -0.999955 2.78354e-06 -0.000690919   3.7976e-06           -1    0.999973  0.00276424 -0.00686779   0.00276405    -0.999996 -3.59567e-05 -0.00686787 1.69727e-05   -0.999976 0.000776529 0.000416994 0.000829458    -1.57762 2.76566e-05     1.57117  -0.0011583
   0.564327 -0.00987531    0.651731   0.566668 -0.0109686   0.648384     0.999943   -0.0106181 -0.000690541  -0.0106181   -0.999944 3.15945e-06 -0.000690536  4.17294e-06           -1    0.999969   0.0030136 -0.00729239    0.0030133    -0.999995 -5.28276e-05 -0.00729251 3.08518e-05   -0.999973 0.000869036 0.000284195 0.000919104    -1.57823 4.36306e-05     1.57122 -0.00122553
   0.564096 -0.00966235     0.65173   0.566618 -0.0108655   0.648176     0.999931   -0.0117642 -0.000690139  -0.0117642   -0.999931 3.55314e-06 -0.000690133  4.56605e-06           -1    0.999968  0.00240014 -0.00769224   0.00239988    -0.999997 -4.35967e-05 -0.00769233 2.51349e-05    -0.99997  0.000966549   0.00013113   0.00102139     -1.57885  4.02927e-05      1.57129 -0.000412285
   0.563854 -0.00943959    0.651729    0.56657 -0.0107489   0.647964     0.999916   -0.0129631 -0.000689718  -0.0129631   -0.999916 3.96446e-06 -0.000689712  4.97675e-06           -1    0.999964  0.00259538 -0.00811542   0.00259495    -0.999997 -6.30776e-05 -0.00811555 4.20162e-05   -0.999967   0.00107074 -3.86238e-05   0.00112057      -1.5795  5.98431e-05      1.57134 -0.000404179
   0.563602 -0.00920708    0.651727   0.566508 -0.0106341   0.647758     0.999899   -0.0142144 -0.000689278  -0.0142144   -0.999899 4.39323e-06 -0.000689271  5.40487e-06           -1   0.999962 0.00192683 -0.0085129   0.00192646    -0.999998 -5.16025e-05 -0.00851298 3.52008e-05   -0.999964   0.00118089 -0.000228405   0.00123262     -1.58016  5.60284e-05      1.57142  0.000486553
   0.563339 -0.00896488    0.651726   0.566447 -0.0105058    0.64755     0.999879   -0.0155178 -0.000688819  -0.0155178    -0.99988 4.83929e-06 -0.000688812  5.85026e-06           -1    0.999958  0.00206913 -0.00892989   0.00206856    -0.999998 -7.32427e-05 -0.00893003 5.47676e-05    -0.99996    0.001297 -0.00043726  0.00134158    -1.58085 7.89165e-05     1.57148 0.000569284
   0.563066 -0.00871305    0.651724   0.566372 -0.0103793   0.647347     0.999857   -0.0168731 -0.000688342  -0.0168731   -0.999858 5.30246e-06 -0.000688333  6.31272e-06           -1    0.999956  0.00134646 -0.00932094   0.00134596    -0.999999 -5.95638e-05 -0.00932101 4.70156e-05   -0.999957   0.00141978 -0.000665426   0.00146341     -1.58155  7.48634e-05      1.57157   0.00153655
   0.562783 -0.00845163    0.651723   0.566298 -0.0102395   0.647143     0.999833   -0.0182798 -0.000687845  -0.0182798   -0.999833 5.78256e-06 -0.000687836   6.7921e-06           -1   0.999952 0.00143557 -0.0097301   0.00143482    -0.999999 -8.33941e-05 -0.00973021 6.94291e-05   -0.999953   0.00154781 -0.000914335   0.00158191     -1.58228  0.000101328      1.57163    0.0016939
   0.562489 -0.00818069    0.651721    0.56621 -0.0101014   0.646945    0.999805  -0.0197378 -0.00068733  -0.0197378   -0.999805 6.27943e-06 -0.00068732 7.28821e-06          -1   0.999949 0.00065924 -0.0101128   0.00065859           -1 -6.75654e-05  -0.0101129 6.09017e-05   -0.999949    0.001683 -0.00118184  0.00171351    -1.58302 9.72748e-05     1.57172  0.00273699
   0.562185 -0.00790028    0.651719    0.566124 -0.00995027    0.646747     0.999774   -0.0212468 -0.000686796  -0.0212468   -0.999774 6.79287e-06 -0.000686785  7.80086e-06           -1    0.999945 0.000695882  -0.0105125  0.000694938           -1 -9.33974e-05  -0.0105125 8.60866e-05   -0.999945  0.00182271 -0.00147104  0.00184155    -1.58378 0.000127316      1.5718  0.00296801
   0.561871 -0.00761045    0.651718   0.566023 -0.0098007   0.646554      0.99974   -0.0228063 -0.000686243 -0.0228063   -0.99974 7.3227e-06 -0.000686231  8.32988e-06           -1     0.999941 -0.000133627   -0.0108852 -0.000134449           -1  -7.4773e-05  -0.0108852 7.62321e-05   -0.999941  0.00197029 -0.00177813  0.00198269    -1.58456 0.000122786     1.57189   0.0040862
   0.561546 -0.00731126    0.651716    0.565923 -0.00963848    0.646361     0.999702   -0.0244162 -0.000685671  -0.0244162   -0.999702 7.86874e-06 -0.000685659  8.87509e-06           -1     0.999936 -0.000149461   -0.0112754 -0.000150631           -1 -0.000102897  -0.0112754 0.000104588   -0.999936  0.00212121 -0.00210738  0.00212026    -1.58536 0.000156879     1.57197  0.00439042
   0.561212 -0.00700276    0.651714    0.565809 -0.00947764    0.646174      0.99966   -0.0260761 -0.000685081  -0.0260761    -0.99966 8.43081e-06 -0.000685068  9.43629e-06           -1    0.999932 -0.00103191   -0.011639  -0.00103293    -0.999999 -8.13058e-05  -0.0116389 9.33225e-05   -0.999932  0.00228071 -0.00245357  0.00227118    -1.58617 0.000151873     1.57208  0.00558323
   0.560867 -0.00668501    0.651712    0.565697 -0.00930431    0.645986     0.999614   -0.0277857 -0.000684472  -0.0277857   -0.999614 9.00871e-06 -0.000684458  1.00133e-05           -1    0.999927 -0.00109904    -0.01202  -0.00110046    -0.999999 -0.000111548  -0.0120199 0.000124768   -0.999928  0.00244284 -0.00282192  0.00241828    -1.58701  0.00019002     1.57216  0.00595945
   0.560513 -0.00635806     0.65171    0.56557 -0.0091326   0.645803     0.999563   -0.0295447 -0.000683844  -0.0295447   -0.999563 9.60224e-06 -0.000683829  1.06059e-05           -1    0.999921 -0.00203467   -0.012375   -0.0020359    -0.999998 -8.68255e-05  -0.0123748 0.000112013   -0.999923  0.00261378 -0.00320649  0.00257874    -1.58786 0.000184536     1.57228  0.00722641
   0.560148 -0.00602196    0.651708    0.565445 -0.00894843    0.645619     0.999508   -0.0313528 -0.000683198  -0.0313528   -0.999508 1.02112e-05 -0.000683182  1.12139e-05           -1    0.999916 -0.00215309  -0.0127485  -0.00215479    -0.999998 -0.000119239  -0.0127482 0.000146699   -0.999919  0.00278664   -0.003613  0.00273538    -1.58873 0.000226974     1.57237  0.00767416
   0.559774 -0.00567678    0.651706    0.565306 -0.00876586     0.64544     0.999448   -0.0332096 -0.000682533  -0.0332096   -0.999448 1.08355e-05 -0.000682516  1.18372e-05           -1    0.999909 -0.00314096  -0.0130966  -0.00314243    -0.999995 -9.12149e-05  -0.0130963 0.000132362   -0.999914  0.00296879 -0.00403476  0.00290561    -1.58962 0.000221014     1.57249  0.00901431
    0.55939 -0.00532257    0.651704    0.565169 -0.00857123     0.64526     0.999383    -0.035115 -0.000681849   -0.035115   -0.999383 1.14747e-05 -0.000681832  1.24755e-05           -1    0.999904 -0.00331044   -0.013464  -0.00331244    -0.999995 -0.000125855  -0.0134635 0.000170442   -0.999909  0.00315166 -0.00447845  0.00307178    -1.59053 0.000267982     1.57258  0.00953263
   0.558996 -0.00495938    0.651702    0.565018 -0.00837822    0.645084     0.999312   -0.0370685 -0.000681147  -0.0370685   -0.999313 1.21289e-05 -0.000681129  1.31286e-05           -1    0.999895 -0.00435102  -0.0138064  -0.00435274    -0.999991 -9.43505e-05  -0.0138058 0.000154436   -0.999905  0.00334454 -0.00493622  0.00325155    -1.59145 0.000261545     1.57271   0.0109457
   0.558593 -0.00458726      0.6517    0.564869 -0.00817327    0.644907     0.999236   -0.0390699 -0.000680427  -0.0390699   -0.999236 1.27977e-05 -0.000680407  1.37963e-05           -1    0.999889 -0.00457134  -0.0141684  -0.00457366     -0.99999 -0.000131271  -0.0141676 0.000196057     -0.9999  0.00353718 -0.00541615  0.00342727     -1.5924 0.000313282     1.57281   0.0115342
   0.558179 -0.00420627    0.651697    0.564706 -0.00797008    0.644734     0.999154   -0.0411188 -0.000679687  -0.0411188   -0.999154 1.34809e-05 -0.000679667  1.44784e-05           -1    0.999879 -0.00566416  -0.0145064  -0.00566615    -0.999984 -9.63431e-05  -0.0145057 0.000178527   -0.999895  0.00374031  -0.0059092  0.00361657    -1.59336 0.000306606     1.57294   0.0130193
   0.557757 -0.00381647    0.651695    0.564545 -0.00775495    0.644559    0.999066  -0.0432149 -0.00067893  -0.0432149   -0.999066 1.41783e-05 -0.000678908  1.51748e-05           -1    0.999872 -0.00593507  -0.0148653  -0.00593774    -0.999982 -0.000135335  -0.0148642 0.000223584   -0.999889  0.00394225 -0.00642419  0.00380206    -1.59434 0.000363111     1.57305   0.0136773
   0.557325 -0.00341791    0.651693   0.564371 -0.0075419   0.644388     0.998971    -0.045358 -0.000678153   -0.045358   -0.998971 1.48898e-05 -0.000678131  1.58851e-05           -1    0.999859 -0.00707989  -0.0151988  -0.00708217    -0.999975 -9.63404e-05  -0.0151977 0.000203967   -0.999884   0.0041554 -0.00695181  0.00400066    -1.59534 0.000355721     1.57319   0.0152337
   0.556883 -0.00301065     0.65169    0.564198 -0.00731681    0.644215     0.998869   -0.0475476 -0.000677358  -0.0475476   -0.998869 1.56151e-05 -0.000677335  1.66093e-05           -1    0.999852 -0.00740093  -0.0155545 -0.00740397   -0.999973 -0.00013794   -0.015553 0.000253084   -0.999879  0.00436616 -0.00750113  0.00419593    -1.59636 0.000417709     1.57331   0.0159604
   0.556432 -0.00259473    0.651688    0.564013 -0.00709429    0.644045      0.99876   -0.0497835 -0.000676545  -0.0497835    -0.99876 1.63541e-05 -0.00067652  1.7347e-05          -1    0.999837 -0.00859775  -0.0158846  -0.00860034    -0.999963 -9.49272e-05  -0.0158832 0.000231525   -0.999874   0.0045886 -0.00806236  0.00440383    -1.59739 0.000409842     1.57345   0.0175874
   0.555972 -0.00217022    0.651685    0.563829 -0.00685954    0.643874     0.998643   -0.0520653 -0.000675713  -0.0520653   -0.998644 1.71064e-05 -0.000675687  1.80981e-05           -1    0.999828 -0.00896893  -0.0162369  -0.00897237     -0.99996 -0.000138952   -0.016235 0.000284612   -0.999868  0.00480771  -0.0086453  0.00460887    -1.59845 0.000477314     1.57357   0.0183823
   0.555502 -0.00173717    0.651683    0.563632 -0.00662768    0.643707     0.998519   -0.0543928 -0.000674863  -0.0543928    -0.99852 1.78718e-05 -0.000674836  1.88623e-05           -1   0.999811 -0.0102175 -0.0165639   -0.0102204    -0.999948 -9.19763e-05  -0.0165621 0.000261249   -0.999863  0.00503898 -0.00923944  0.00482631    -1.59952 0.000469208     1.57372   0.0200793
   0.555023 -0.00129563     0.65168   0.563437 -0.0063835   0.643537     0.998387   -0.0567656 -0.000673994  -0.0567656   -0.998388 1.86503e-05 -0.000673966  1.96395e-05           -1     0.9998 -0.0106386 -0.0169141   -0.0106425    -0.999943 -0.000138701  -0.0169117 0.000318681   -0.999857  0.00526595 -0.00985479  0.00504112    -1.60061 0.000542641     1.57385   0.0209417
    0.554535 -0.000845662     0.651677    0.563229 -0.00614256    0.643371     0.998247   -0.0591834 -0.000673106  -0.0591834   -0.998247 1.94415e-05 -0.000673077  2.04293e-05           -1    0.99978 -0.0119385 -0.0172386   -0.0119418    -0.999929 -8.78147e-05  -0.0172363 0.000293655   -0.999851  0.00550556  -0.0104806   0.0052681    -1.60171 0.000534534       1.574   0.0227079
    0.554038 -0.000387316     0.651675    0.563023 -0.00588935    0.643203   0.998098 -0.0616458 -0.0006722  -0.0616458   -0.998098 2.02451e-05 -0.00067217 2.12317e-05          -1   0.999768 -0.0124095 -0.0175863   -0.0124138    -0.999923 -0.000137307  -0.0175832 0.000355588   -0.999845  0.00573993  -0.0111275  0.00549245    -1.60284 0.000614166     1.57413    0.023637
   0.553532 7.93512e-05    0.651672    0.562806 -0.00563935    0.643038      0.99794   -0.0641525 -0.000671276  -0.0641525    -0.99794 2.10611e-05 -0.000671244  2.20463e-05           -1   0.999745 -0.0137602 -0.0179081   -0.0137639    -0.999905 -8.23349e-05  -0.0179053 0.000328798    -0.99984 0.00598764 -0.0117838  0.0057292   -1.60398 0.00060606    1.57429  0.0254719
   0.553017 0.000554286    0.651669    0.562589 -0.00537737     0.64287     0.997773   -0.0667033 -0.000670333  -0.0667033   -0.997773 2.18892e-05 -0.0006703 2.2873e-05         -1   0.999731 -0.0142809 -0.0182544   -0.0142857    -0.999898 -0.000134624  -0.0182506 0.000395365   -0.999833  0.00622892  -0.0124609  0.00596309    -1.60513 0.000692129     1.57443    0.026467
  0.552493 0.00103743   0.651666    0.562361 -0.00511843    0.642706     0.997596   -0.0692977 -0.000669372  -0.0692977   -0.997596 2.27291e-05 -0.000669338  2.37115e-05           -1   0.999704 -0.0156819 -0.0185747    -0.015686    -0.999877 -7.55958e-05  -0.0185712 0.000366937   -0.999827  0.00648451  -0.0131469  0.00620961    -1.60631 0.000684261     1.57459   0.0283698
  0.551961 0.00152874   0.651663    0.562134 -0.00484763     0.64254     0.997409   -0.0719354 -0.000668392  -0.0719354   -0.997409 2.35806e-05 -0.000668357  2.45615e-05           -1   0.999689 -0.0162518 -0.0189202   -0.0162572    -0.999868 -0.000131432  -0.0189156 0.000438982   -0.999821   0.0067327  -0.0138531  0.00645304     -1.6075 0.000777721     1.57474   0.0294306
  0.551419 0.00202814    0.65166    0.561896 -0.00457992    0.642376     0.997212   -0.0746161 -0.000667394  -0.0746161   -0.997212 2.44435e-05 -0.000667357   2.5423e-05           -1   0.999658 -0.0177025 -0.0192397   -0.0177071    -0.999843 -6.79096e-05  -0.0192355 0.000408565   -0.999815  0.00699592  -0.0145674  0.00670934     -1.6087 0.000769854     1.57491   0.0314004
 0.550869 0.0025356  0.651657     0.56166 -0.00430027    0.642209     0.997005   -0.0773394 -0.000666377  -0.0773394   -0.997005 2.53175e-05 -0.000666339  2.62955e-05           -1    0.99964 -0.0183207 -0.0195847   -0.0183267    -0.999832 -0.000127338  -0.0195791 0.000486215   -0.999808  0.00725102  -0.0153019   0.0069623    -1.60993 0.000870943     1.57505   0.0325257
   0.55031 0.00305105   0.651654   0.561412 -0.0040238   0.642046     0.996786   -0.0801051 -0.000665342  -0.0801051   -0.996786 2.62025e-05 -0.000665303   2.7179e-05           -1   0.999605 -0.0198202 -0.0199038   -0.0198254    -0.999803 -5.91185e-05  -0.0198987 0.000453695   -0.999802  0.00752211  -0.0160439  0.00722814    -1.61116 0.000863075     1.57523   0.0345618
  0.549742 0.00357443   0.651651    0.561166 -0.00373504     0.64188     0.996557   -0.0829127 -0.000664288  -0.0829127   -0.996557 2.70982e-05 -0.000664248  2.80731e-05           -1   0.999585 -0.0204858 -0.0202491   -0.0204925     -0.99979 -0.000122386  -0.0202423 0.000537289   -0.999795  0.00778437  -0.0168064  0.00749087    -1.61242 0.000972271     1.57538   0.0357513
  0.549166 0.00410571   0.651648    0.560908 -0.00344944    0.641716     0.996315    -0.085762 -0.000663216   -0.085762   -0.996316 2.80043e-05 -0.000663174  2.89776e-05           -1   0.999546 -0.0220331 -0.0205674   -0.0220387    -0.999757 -4.90395e-05  -0.0205613 0.000502295   -0.999788  0.00806355  -0.0175757  0.00776672    -1.61368 0.000964165     1.57556   0.0378532
  0.548582 0.00464481   0.651645    0.560652 -0.00315165    0.641551     0.996062   -0.0886525 -0.000662126  -0.0886525   -0.996063 2.89206e-05 -0.000662082  2.98923e-05           -1   0.999523 -0.0227455 -0.0209132   -0.0227529    -0.999741 -0.000116653  -0.0209051 0.000592433   -0.999781 0.00833297 -0.0183659   0.008039   -1.61497 0.00108218    1.57571  0.0391061
  0.547989 0.00519168   0.651641    0.560384 -0.00285706    0.641388     0.995797   -0.0915839 -0.000661017  -0.0915839   -0.995797 2.98469e-05 -0.000660972   3.0817e-05           -1   0.999478   -0.02434 -0.0212299   -0.0243463    -0.999704 -3.82508e-05  -0.0212227 0.000555099   -0.999775 0.00862026 -0.0191629 0.00832462   -1.61627 0.00107408     1.5759  0.0412731
  0.547387 0.00574627   0.651638    0.560118 -0.00254986    0.641223     0.995519   -0.0945559 -0.000659889  -0.0945559    -0.99552 3.07829e-05 -0.000659843  3.17514e-05           -1   0.999452 -0.0250976 -0.0215749   -0.0251058    -0.999685 -0.000110056  -0.0215654 0.000651652   -0.999767 0.00889707 -0.0199811 0.00860691   -1.61759 0.00120091    1.57605  0.0425884
  0.546778 0.00630853   0.651635     0.55984 -0.00224658    0.641062     0.995229   -0.0975681 -0.000658743  -0.0975681   -0.995229 3.17285e-05 -0.000658696  3.26953e-05           -1   0.999403 -0.0267391 -0.0218888   -0.0267461    -0.999642 -2.62299e-05  -0.0218803 0.000611653    -0.99976 0.00919247 -0.0208063 0.00890183   -1.61892 0.00119257    1.57624  0.0448198
  0.54616 0.0068784  0.651631    0.559564 -0.00192998    0.640899     0.994925     -0.10062 -0.000657579    -0.10062   -0.994925 3.26833e-05 -0.00065753 3.36483e-05          -1   0.999373 -0.0275415 -0.0222315   -0.0275505     -0.99962 -0.000102336 -0.0222202 0.00071476  -0.999753 0.00947666 -0.0216532 0.00919414   -1.62026 0.00132847     1.5764  0.0461971
  0.545534 0.00745582   0.651628    0.559276 -0.00161776     0.64074     0.994607    -0.103712 -0.000656396   -0.103712   -0.994607 3.36471e-05 -0.000656346  3.46104e-05           -1   0.999319 -0.0292287  -0.022542   -0.0292364    -0.999573 -1.31662e-05   -0.022532 0.000672206   -0.999746 0.00978041 -0.0225067  0.0094986   -1.62162 0.00132012     1.5766  0.0484921
  0.544899 0.00804075   0.651624    0.558989 -0.00129173    0.640579     0.994276    -0.106842 -0.000655195   -0.106842   -0.994276 3.46196e-05 -0.000655144  3.55812e-05           -1   0.999286 -0.0300751 -0.0228805  -0.0300852   -0.999547 -9.3956e-05  -0.0228673 0.000782252   -0.999738   0.010072 -0.0233827 0.00980091   -1.62299 0.00146556    1.57676  0.0499308
  0.544257 0.00863312   0.651621      0.55869 -0.000970491     0.640423      0.99393    -0.110012 -0.000653976   -0.110012    -0.99393 3.56007e-05 -0.000653923  3.65605e-05           -1   0.999225  -0.031807 -0.0231855  -0.0318155   -0.999494 1.09314e-06  -0.0231738 0.000736568   -0.999731  0.0103841 -0.0242653  0.0101151   -1.62438 0.00145674    1.57696  0.0522885
  0.543607 0.00923288   0.651617    0.558393 -0.00063534    0.640265      0.99357     -0.11322 -0.000652738    -0.11322    -0.99357 3.65901e-05 -0.000652684  3.75481e-05           -1   0.999189 -0.0326972 -0.0235191   -0.0327083    -0.999465 -8.42568e-05  -0.0235038 0.000853458   -0.999723  0.0106828 -0.0251708  0.0104272   -1.62578 0.00161171    1.57713  0.0537876
  0.542948 0.00983998   0.651613     0.558084 -0.000304952     0.640113     0.993194    -0.116466 -0.000651482   -0.116466   -0.993195 3.75875e-05 -0.000651426  3.85436e-05           -1   0.999122 -0.0344729 -0.0238175  -0.0344823   -0.999405 1.65259e-05  -0.0238039 0.000804771   -0.999716  0.0110033  -0.026083  0.0107515   -1.62719 0.00160265    1.57732  0.0562076
 0.542282 0.0104544   0.65161    0.557775 3.93385e-05    0.639959     0.992804    -0.119749 -0.000650207   -0.119749   -0.992804 3.85927e-05 -0.00065015 3.95469e-05          -1   0.999081  -0.035406 -0.0241449   -0.0354182    -0.999373 -7.37855e-05  -0.0241271 0.000928885   -0.999708  0.0113089 -0.0270183  0.0110736   -1.62862 0.00176764     1.5775  0.0577664
0.541608 0.011076 0.651606    0.557455 0.000378423    0.639811     0.992398     -0.12307 -0.000648914    -0.12307   -0.992398 3.96054e-05 -0.000648855  4.05577e-05           -1   0.999008 -0.0372259 -0.0244353  -0.0372362   -0.999306 3.30179e-05  -0.0244196 0.000876892   -0.999701  0.0116374 -0.0279603  0.0114074   -1.63005  0.0017581     1.5777  0.0602481
 0.540926 0.0117047  0.651602    0.557136 0.000731826    0.639661     0.991976    -0.126428 -0.000647603   -0.126428   -0.991976 4.06253e-05 -0.000647542  4.15758e-05           -1   0.998963 -0.0382011 -0.0247559   -0.0382144     -0.99927 -6.21621e-05 -0.0247354 0.00100813  -0.999694    0.01195 -0.0289254  0.0117395    -1.6315  0.0019331    1.57787  0.0618657
 0.540237 0.0123406  0.651599   0.556806 0.00107956   0.639517     0.991537    -0.129822 -0.000646273   -0.129822   -0.991537 4.16523e-05 -0.000646211  4.26008e-05           -1   0.998883 -0.0400643 -0.0250374  -0.0400756   -0.999197 5.09517e-05  -0.0250193 0.000952491   -0.999687  0.0122864 -0.0298972  0.0120831   -1.63296 0.00192285    1.57808  0.0644085
  0.53954 0.0129836  0.651595   0.556476 0.00144185   0.639372     0.991082    -0.133253 -0.000644925   -0.133253   -0.991082 4.26861e-05 -0.000644862  4.36326e-05           -1   0.998834 -0.0410812 -0.0253507   -0.0410957    -0.999155 -4.97246e-05 -0.0253273 0.00109147  -0.999679  0.0126054 -0.0308919  0.0124252   -1.63444 0.00210857    1.57826  0.0660841
 0.538835 0.0136336  0.651591   0.556134 0.00179821   0.639232      0.99061    -0.136719 -0.000643559   -0.136719    -0.99061 4.37264e-05 -0.000643494  4.46709e-05           -1   0.998747 -0.0429868 -0.0256239  -0.0429991   -0.999075 6.98357e-05 -0.0256032 0.00103206  -0.999672  0.0129495  -0.031893  0.0127788   -1.63593 0.00209761    1.57846  0.0686869
 0.538122 0.0142905  0.651587   0.555794 0.00216921   0.639092      0.99012    -0.140221 -0.000642174  -0.140221   -0.99012 4.4773e-05 -0.000642108  4.57154e-05           -1   0.998693 -0.0440455 -0.0259302   -0.0440612    -0.999029 -3.62117e-05 -0.0259034 0.00117868  -0.999664  0.0132747 -0.0329168  0.0131309   -1.63743 0.00229406    1.57864  0.0704202
 0.537403 0.0149543  0.651583   0.555442 0.00253417   0.638957     0.989613    -0.143757 -0.000640771   -0.143757   -0.989613 4.58256e-05 -0.000640703   4.6766e-05           -1   0.998598 -0.0459927 -0.0261946  -0.0460061   -0.998941 9.00949e-05  -0.026171 0.00111514  -0.999657  0.0136261 -0.0339468  0.0134947   -1.63893 0.00228214    1.57885  0.0730824
0.536675 0.015625 0.651579   0.555091 0.00291362    0.63882    0.989087   -0.147329 -0.00063935   -0.147329   -0.989088 4.68839e-05 -0.00063928 4.78222e-05          -1   0.998539 -0.0470926 -0.0264944   -0.0471097     -0.99889 -2.16689e-05 -0.0264639 0.00126978  -0.999649  0.0139573 -0.0349991  0.0138566   -1.64046 0.00248981    1.57904  0.0748724
 0.535941 0.0163024  0.651575   0.554728 0.00328687   0.638689    0.988544   -0.150934 -0.00063791   -0.150934   -0.988544 4.79477e-05 -0.000637839  4.88839e-05           -1   0.998436 -0.0490817 -0.0267502  -0.0490963   -0.998794 0.000111492 -0.0267234 0.00120202  -0.999642  0.0143156 -0.0360572  0.0142307   -1.64199 0.00247693    1.57925  0.0775937
 0.535199 0.0169866  0.651571   0.554367 0.00367494   0.638557     0.987981    -0.154573 -0.000636453   -0.154573   -0.987981 4.90168e-05 -0.00063638 4.99508e-05          -1   0.998372 -0.0502216 -0.0270438   -0.0502401    -0.998737 -6.32744e-06 -0.0270093   0.001365  -0.999634  0.0146525 -0.0371375  0.0146029   -1.64353 0.00269628    1.57944  0.0794396
  0.53445 0.0176775  0.651567   0.553994 0.00405615    0.63843       0.9874    -0.158246 -0.000634977   -0.158246     -0.9874 5.00908e-05 -0.000634902  5.10227e-05           -1   0.998261 -0.0522518 -0.0272916  -0.0522676   -0.998633 0.000134262 -0.0272613 0.00129244  -0.999628  0.0150177 -0.0382228  0.0149868   -1.64508 0.00268197    1.57965  0.0822188
 0.533693 0.0183749  0.651563   0.553622 0.00445254   0.638301     0.986799    -0.161951 -0.000633482   -0.161951   -0.986799 5.11696e-05 -0.000633407  5.20993e-05           -1   0.998191 -0.0534318 -0.0275794  -0.0534519    -0.99857 1.05207e-05 -0.0275405 0.00146367   -0.99962  0.0153599 -0.0393302  0.0153692   -1.64665   0.002913    1.57984    0.08412
 0.53293 0.019079 0.651558    0.55324 0.00484157   0.638177    0.986178    -0.16569 -0.00063197    -0.16569   -0.986178 5.22528e-05 -0.000631893  5.31803e-05           -1   0.998071 -0.0555029 -0.0278207    -0.05552   -0.998458 0.000158513 -0.0277866  0.0013864  -0.999613  0.0157316 -0.0404418   0.015763   -1.64822  0.0028975    1.58006  0.0869567
 0.532159 0.0197896  0.651554  0.552858 0.0052463  0.638052    0.985537    -0.16946 -0.00063044    -0.16946   -0.985537 5.33403e-05 -0.000630361  5.42655e-05           -1   0.997994 -0.0567223 -0.0281032 -0.0567439  -0.998389 2.8285e-05 -0.0280596 0.00156646  -0.999605  0.0160789 -0.0415754  0.0161557   -1.64981 0.00314093    1.58025  0.0889124
 0.531382 0.0205066   0.65155   0.552465 0.00564322   0.637932     0.984876    -0.173262 -0.000628891   -0.173262   -0.984876 5.44317e-05 -0.000628811  5.53546e-05           -1   0.997866 -0.0588328 -0.0283376 -0.0588512  -0.998267 0.00018446 -0.0282993 0.00148364  -0.999598  0.0164571 -0.0427127  0.0165598   -1.65141 0.00312352    1.58046  0.0918054
0.530598  0.02123 0.651545   0.552074 0.00605605   0.637809     0.984193    -0.177096 -0.000627324   -0.177096   -0.984194 5.55267e-05 -0.000627242  5.64474e-05           -1   0.997783 -0.0600912 -0.0286154  -0.0601145   -0.998191 4.74005e-05 -0.0285665  0.0016729   -0.99959  0.0168092 -0.0438716  0.0169628   -1.65302 0.00337982    1.58066   0.093815
 0.529806 0.0219598  0.651541  0.551672 0.0064608  0.637692     0.98349    -0.18096 -0.00062574    -0.18096    -0.98349 5.66252e-05 -0.000625656  5.75436e-05           -1   0.997644 -0.0622409 -0.0288434  -0.0622607    -0.99806 0.000212172 -0.0288006 0.00158414  -0.999584  0.0171936 -0.0450339  0.0173774   -1.65464 0.00336027    1.58088   0.096764
 0.529008 0.0226959  0.651537  0.551271 0.0068816  0.637573     0.982766    -0.184855 -0.000624137   -0.184855   -0.982766 5.77269e-05 -0.000624052  5.86429e-05           -1   0.997555 -0.0635378 -0.0291175  -0.0635627   -0.997978 6.80054e-05 -0.0290629 0.00178295  -0.999576  0.0175502 -0.0462174  0.0177906   -1.65627 0.00362992    1.58107  0.0988266
 0.528203 0.0234382  0.651532   0.550859 0.00729389   0.637458     0.982019     -0.18878 -0.000622516    -0.18878   -0.982019 5.88315e-05 -0.000622429  5.97451e-05           -1   0.997406 -0.0657264 -0.0293391  -0.0657476   -0.997836 0.000241441 -0.0292915 0.00168816  -0.999569  0.0179408 -0.0474041  0.0182152    -1.6579 0.00360823    1.58129   0.101831
 0.527391 0.0241868  0.651528   0.550449 0.00772255   0.637341     0.981251    -0.192735 -0.000620878   -0.192735   -0.981251 5.99387e-05 -0.000620789  6.08498e-05           -1   0.997309 -0.0670613 -0.0296096  -0.0670881   -0.997747 8.98261e-05  -0.029549 0.00189687  -0.999562  0.0183017 -0.0486116  0.0186386   -1.65955 0.00389171    1.58149   0.103946
 0.526573 0.0249414  0.651523   0.550028 0.00814233    0.63723      0.98046    -0.196719 -0.000619221   -0.196719    -0.98046 6.10482e-05 -0.000619131   6.1957e-05           -1   0.997151 -0.0692874 -0.0298243  -0.0693101   -0.997595 0.000272187 -0.0297715 0.00179572  -0.999555  0.0186982 -0.0498219  0.0190735   -1.66121 0.00386763    1.58171   0.107004
 0.525748 0.0257021  0.651519   0.549608 0.00857872   0.637116     0.979646    -0.200731 -0.000617546   -0.200731   -0.979646 6.21599e-05 -0.000617454  6.30662e-05           -1  0.997046  -0.07066 -0.030092  -0.0706887   -0.997498 0.000112824 -0.0300247 0.00201467  -0.999547  0.0190632  -0.051053  0.0195072   -1.66288 0.00416541    1.58191   0.109171
 0.524917 0.0264689  0.651514   0.549177 0.00900605   0.637007     0.978809    -0.204773 -0.000615854   -0.204773    -0.97881 6.32735e-05 -0.00061576 6.41773e-05          -1   0.996877  -0.072923 -0.0302998  -0.0729473   -0.997336 0.000304965 -0.0302413 0.00190627  -0.999541  0.0194654 -0.0522864  0.0199528   -1.66456 0.00413823    1.58213   0.112283
 0.524079 0.0272416   0.65151   0.548748 0.00945021   0.636895     0.977949    -0.208842 -0.000614144   -0.208842   -0.977949 6.43886e-05 -0.000614049  6.52899e-05           -1   0.996765 -0.0743326 -0.0305648  -0.0743632   -0.997231 0.000137035 -0.0304903  0.0021363  -0.999533  0.0198345 -0.0535407  0.0203967   -1.66624 0.00445127    1.58233     0.1145
 0.523235 0.0280202  0.651505   0.548309 0.00988478    0.63679     0.977066    -0.212938 -0.000612416   -0.212938   -0.977066 6.55051e-05 -0.000612319  6.64039e-05           -1   0.996585 -0.0766322 -0.0307656  -0.0766581   -0.997057 0.000339244  -0.030701 0.00202035  -0.999527  0.0202425 -0.0547965  0.0208526   -1.66794 0.00442076    1.58256   0.117665
 0.522384 0.0288047    0.6515  0.547871 0.0103368  0.636681    0.976158   -0.217062 -0.00061067   -0.217062   -0.976158 6.66226e-05 -0.000610572  6.75188e-05           -1   0.996464 -0.0780774 -0.0310276    -0.07811   -0.996945 0.000162828 -0.0309455 0.00226131  -0.999519  0.0206153 -0.0560734  0.0213072   -1.66964 0.00474906    1.58275   0.119933
0.521527 0.029595 0.651495  0.547422 0.0107785  0.636577     0.975226    -0.221212 -0.000608907  -0.221212  -0.975226 6.7741e-05 -0.000608807  6.86346e-05           -1   0.996273 -0.0804133 -0.0312218  -0.0804409   -0.996759 0.000375005 -0.0311508  0.0021379  -0.999512  0.0210288 -0.0573511  0.0217733   -1.67135 0.00471544    1.58298    0.12315
0.520664 0.030391 0.651491  0.546975 0.0112382  0.636471     0.974269    -0.225388 -0.000607126   -0.225388   -0.974269 6.88598e-05 -0.000607024  6.97508e-05           -1   0.996144 -0.0818936 -0.0314798  -0.0819282   -0.996638 0.000189589 -0.0313895 0.00239023  -0.999504  0.0214052 -0.0586505  0.0222385   -1.67308 0.00505948    1.58318   0.125467
 0.519794 0.0311927  0.651486  0.546518 0.0116868  0.636371     0.973287     -0.22959 -0.000605327   -0.22959  -0.973287 6.9979e-05 -0.000605224  7.08674e-05           -1    0.99594 -0.0842649 -0.0316665 -0.0842941  -0.996441 0.00041267 -0.0315886 0.00225831  -0.999498  0.0218239 -0.0599499  0.0227151   -1.67481 0.00502181    1.58341   0.128735
 0.518919 0.0320001  0.651481 0.546062 0.012154 0.636268      0.97228    -0.233817 -0.000603511   -0.233817   -0.972281 7.10982e-05 -0.000603406  7.19839e-05           -1   0.995803 -0.0857804 -0.0319217  -0.0858172   -0.996311 0.000217796 -0.0318227 0.00252255   -0.99949  0.0222037 -0.0612712  0.0231907   -1.67655  0.0053823    1.58361   0.131101
 0.518037 0.0328131  0.651476  0.545596 0.0126096  0.636171     0.971248    -0.238069 -0.000601678   -0.238069   -0.971248 7.22171e-05 -0.000601571  7.31001e-05           -1   0.995587 -0.0881861 -0.0321003  -0.0882171   -0.996101 0.000452003  -0.032015 0.00238179  -0.999485  0.0226276 -0.0625918  0.0236778   -1.67829 0.00534034    1.58384    0.13442
  0.51715 0.0336315  0.651471   0.54513 0.0130842   0.63607      0.97019    -0.242345 -0.000599827   -0.242345    -0.97019 7.33356e-05 -0.000599719  7.42158e-05           -1    0.99544 -0.0897362 -0.0323525  -0.0897752   -0.995962 0.000247022  -0.032244 0.00265856  -0.999476  0.0230103 -0.0639346  0.0241642   -1.68004 0.00571799    1.58404   0.136833
 0.516256 0.0344555  0.651466  0.544655 0.0135465  0.635977     0.969106    -0.246645 -0.000597959   -0.246645   -0.969106 7.44532e-05 -0.000597849  7.53308e-05           -1   0.995212 -0.0921754 -0.0325228  -0.0922082    -0.99574 0.000492855 -0.0324296 0.00250837  -0.999471  0.0234394 -0.0652761  0.0246615    -1.6818 0.00567126    1.58427   0.140202
 0.515357 0.0352849  0.651462  0.544181 0.0140284  0.635879     0.967995    -0.250969 -0.000596073   -0.250969   -0.967995 7.55699e-05 -0.000595962  7.64446e-05           -1   0.995055 -0.0937597 -0.0327717   -0.093801   -0.995591 0.000277076 -0.0326532 0.00279832  -0.999463  0.0238247 -0.0666399  0.0251584   -1.68357  0.0060668    1.58447   0.142662
 0.514452 0.0361196  0.651457  0.543698 0.0144972  0.635788     0.966858    -0.255315 -0.000594171   -0.255315   -0.966858 7.66852e-05 -0.000594057  7.75572e-05           -1   0.994814 -0.0962322 -0.0329335  -0.0962668   -0.995355 0.000535067  -0.032832 0.00263811  -0.999457  0.0242586  -0.068002  0.0256662   -1.68534 0.00601482     1.5847    0.14608
 0.513541 0.0369597  0.651452  0.543215 0.0149864  0.635694     0.965693    -0.259684 -0.000592251  -0.259684  -0.965694 7.7799e-05 -0.000592136  7.86682e-05           -1   0.994648 -0.0978496 -0.0331795  -0.0978933   -0.995197 0.000307907 -0.0330503  0.0029418  -0.999449  0.0246465 -0.0693865  0.0261738   -1.68713 0.00642896     1.5849   0.148587
0.512624 0.037805 0.651446  0.542723 0.0154617  0.635607     0.964502    -0.264075 -0.000590314  -0.264075  -0.964502 7.8911e-05 -0.000590197  7.97774e-05           -1   0.994393  -0.100355 -0.0333323   -0.100391   -0.994948 0.000578773  -0.033222 0.00277074  -0.999444   0.025085 -0.0707686  0.0266924   -1.68891 0.00637102    1.58513   0.152053
 0.511702 0.0386555  0.651441  0.542232 0.0159578  0.635515    0.963283   -0.268488 -0.00058836  -0.268488  -0.963283 8.0021e-05 -0.000588242  8.08844e-05           -1   0.994217  -0.102005 -0.0335752   -0.102051   -0.994779 0.000339774 -0.0334346 0.00308858  -0.999436   0.025475 -0.0721734  0.0272105   -1.69071 0.00680423    1.58533   0.154605
 0.510774 0.0395111  0.651436  0.541731 0.0164396  0.635431     0.962036    -0.272921 -0.000586389   -0.272921   -0.962036 8.11286e-05 -0.000586269  8.19891e-05           -1   0.993949  -0.104542 -0.0337188    -0.10458   -0.994516 0.000623519 -0.0335991 0.00290658  -0.999431  0.0259182  -0.073575  0.0277395   -1.69251 0.00674033    1.58556   0.158119
