0.5665 -0.012 0.6521 0.5665 -0.012 0.6521            1 -1.00558e-06   4.3857e-12 -1.00558e-06           -1 -9.16739e-13  4.3857e-12 9.16735e-13          -1            1 -1.00558e-06   4.3857e-12 -1.00558e-06           -1 -9.16739e-13  4.3857e-12 9.16735e-13          -1 -2.43956e-12  -4.3857e-12 -2.30976e-12      -1.5708  9.16735e-13       1.5708  1.00557e-06
  0.566494 -0.0119945     0.6521 0.5665 -0.012 0.6521            1 -3.04089e-05  4.38563e-12 -3.04089e-05           -1  -9.1679e-13 4.38565e-12 9.16657e-13          -1            1 -8.14517e-07  3.71013e-12 -8.14517e-07           -1 -7.71602e-13 3.71013e-12 7.71599e-13          -1 -2.06222e-12 -3.71013e-12 -1.95007e-12      -1.5708  7.71599e-13       1.5708  8.14513e-07
  0.566476 -0.0119782     0.6521 0.5665 -0.012 0.6521            1 -0.000118423  4.38539e-12 -0.000118423           -1 -9.16943e-13  4.3855e-12 9.16424e-13          -1            1 -8.50819e-07  4.14244e-12 -8.50819e-07           -1  -8.6692e-13 4.14244e-12 8.66916e-13          -1 -2.30584e-12 -4.14244e-12 -2.18305e-12      -1.5708  8.66916e-13       1.5708  8.50815e-07
 0.566447 -0.011951    0.6521   0.566496 -0.0119964     0.6521            1 -0.000264752    4.385e-12 -0.000264752           -1 -9.17197e-13 4.38525e-12 9.16036e-13          -1            1 -2.32529e-05 -7.45658e-08 -2.32529e-05           -1  3.33934e-10 -7.45658e-08   -3.322e-10           -1  3.51828e-06 -1.23232e-05  3.51838e-06     -1.57081 -2.88318e-10       1.5708  3.02896e-05
 0.566406 -0.011913  0.652099   0.566486 -0.0119867     0.6521            1 -0.000469103  4.38446e-12 -0.000469103           -1 -9.17551e-13 4.38489e-12 9.15494e-13          -1            1 -8.59458e-05  5.21032e-08 -8.59458e-05           -1   7.5496e-10  5.21031e-08 -7.59438e-10           -1  1.29162e-05  -4.4994e-05  1.29163e-05     -1.57085 -1.79628e-10      1.57081  0.000111778
  0.566353 -0.0118643   0.652099   0.566467 -0.0119694     0.6521           1 -0.00073118 4.38377e-12  -0.00073118           -1 -9.18005e-13 4.38444e-12 9.14799e-13          -1            1 -0.000199129  1.43119e-07 -0.000199129           -1  2.22865e-09  1.43118e-07 -2.25715e-09           -1  2.97343e-05 -0.000103378  2.97359e-05     -1.57092  8.08389e-10      1.57082  0.000258599
  0.566288 -0.0118049   0.652099   0.566439 -0.0119435     0.6521    0.999999 -0.00105069 4.38292e-12  -0.00105069    -0.999999 -9.18558e-13 4.38388e-12 9.13953e-13          -1            1 -0.000367546  9.20436e-08 -0.000367546           -1  6.32668e-09  9.20413e-08 -6.36051e-09           -1  5.49607e-05 -0.000191065  5.49707e-05     -1.57103  4.13237e-09      1.57084  0.000477477
  0.566213 -0.0117349   0.652098     0.5664 -0.0119082   0.652099    0.999999 -0.00142734 4.38192e-12 -0.00142734   -0.999999 -9.1921e-13 4.38323e-12 9.12955e-13          -1            1 -0.000592988  2.03826e-08 -0.000592988           -1  1.44443e-08   2.0374e-08 -1.44564e-08           -1  8.92207e-05 -0.000310441  8.92567e-05     -1.57118  1.32489e-08      1.57086  0.000771466
  0.566125 -0.0116543   0.652097   0.566352 -0.0118631   0.652099    0.999998 -0.00186083 4.38077e-12 -0.00186083   -0.999998 -9.1996e-13 4.38247e-12 9.11807e-13          -1            1 -0.000875896  5.19194e-08 -0.000875896           -1  2.74507e-08  5.18953e-08 -2.74962e-08           -1  0.000132903 -0.000463061  0.000132999     -1.57136  3.40765e-08       1.5709    0.0011418
  0.566027 -0.0115632   0.652097  0.566292 -0.011808  0.652099    0.999997 -0.00235086 4.37947e-12  -0.00235086    -0.999997 -9.20808e-13 4.38162e-12  9.1051e-13          -1     0.999999  -0.00121617 -3.12537e-08 -0.00121617   -0.999999 4.61998e-08 -3.13098e-08 -4.61617e-08           -1   0.00018624 -0.000649898  0.000186453     -1.57159  7.50256e-08      1.57094   0.00158886
  0.565916 -0.0114616   0.652096   0.566221 -0.0117426   0.652098    0.999996 -0.00289716 4.37802e-12  -0.00289716    -0.999996 -9.21751e-13 4.38067e-12 9.09064e-13          -1     0.999999  -0.00161354 -1.29331e-07 -0.00161354   -0.999999 7.10517e-08 -1.29446e-07 -7.08429e-08           -1  0.000249363 -0.000871529  0.000249781     -1.57186  1.46913e-07      1.57099   0.00211268
  0.565795 -0.0113497   0.652095  0.566139 -0.011667  0.652098    0.999994 -0.00349941 4.37642e-12  -0.00349941    -0.999994 -9.22791e-13 4.37962e-12  9.0747e-13          -1    0.999998 -0.00206769 7.48384e-08 -0.00206769   -0.999998   1.013e-07  7.46288e-08 -1.01455e-07           -1 0.000322333 -0.00112827 0.000323079    -1.57217 2.63017e-07     1.57104   0.0027131
  0.565663 -0.0112274   0.652094  0.566046 -0.011581  0.652097    0.999991 -0.00415732 4.37467e-12  -0.00415732    -0.999991 -9.23925e-13 4.37847e-12  9.0573e-13          -1    0.999997  -0.0025783 -1.2037e-07  -0.0025783   -0.999997 1.38755e-07 -1.20728e-07 -1.38445e-07           -1 0.000405166 -0.00142026 0.000406405    -1.57253 4.38854e-07     1.57111  0.00338987
  0.565519 -0.0110948   0.652093   0.565941 -0.0114847   0.652096    0.999988  -0.0048706 4.37277e-12   -0.0048706    -0.999988 -9.25154e-13 4.37723e-12 9.03845e-13          -1     0.999995  -0.00314506 -2.81406e-10 -0.00314506   -0.999995 1.81466e-07 -8.52127e-10 -1.81464e-07           -1 0.000497846 -0.00174749 0.000499793    -1.57293 6.91919e-07     1.57118   0.0041427
 0.565364 -0.010952  0.652092  0.565826 -0.011378  0.652095    0.999984 -0.00563895 4.37073e-12  -0.00563895    -0.999984 -9.26476e-13 4.37588e-12 9.01815e-13          -1    0.999993 -0.00376768 1.82242e-08 -0.00376768   -0.999993 2.30437e-07  1.73558e-08 -2.30504e-07           -1 0.000600332  -0.0021099 0.000603259    -1.57337 1.04229e-06     1.57126  0.00497128
  0.565198 -0.0107989   0.652091  0.565699 -0.011261  0.652094    0.999979 -0.00646208 4.36854e-12 -0.00646208   -0.999979 -9.2789e-13 4.37444e-12 8.99641e-13          -1      0.99999  -0.00444586 -8.65087e-08 -0.00444586    -0.99999 2.86165e-07 -8.77801e-08 -2.85778e-07           -1 0.000712571 -0.00250736  0.00071681    -1.57385 1.51165e-06     1.57135  0.00587525
  0.565021 -0.0106358    0.65209   0.565561 -0.0111337   0.652094   0.999973 -0.0073397 4.3662e-12   -0.0073397    -0.999973 -9.29397e-13  4.3729e-12 8.97325e-13          -1     0.999987  -0.00517929 -4.24969e-09 -0.00517929   -0.999987 3.46732e-07 -6.04546e-09 -3.46705e-07           -1 0.000834496  -0.0029397 0.000840448    -1.57438 2.12396e-06     1.57144  0.00685425
  0.564834 -0.0104626   0.652089   0.565412 -0.0109962   0.652092    0.999966 -0.00827149 4.36372e-12  -0.00827149    -0.999966 -9.30994e-13 4.37127e-12 8.94867e-13          -1     0.999982  -0.00596769 -4.70071e-08 -0.00596769   -0.999982 4.13827e-07 -4.94758e-08 -4.13539e-07           -1 0.000966032 -0.00340671 0.000974172    -1.57495 2.90528e-06     1.57154  0.00790792
  0.564635 -0.0102793   0.652088   0.565251 -0.0108485   0.652091    0.999957 -0.00925718 4.36109e-12 -0.00925718   -0.999957 -9.3268e-13 4.36954e-12 8.92269e-13          -1    0.999977 -0.00681076 3.82691e-08 -0.00681076   -0.999977 4.85659e-07  3.49605e-08 -4.85909e-07           -1   0.0011071 -0.00390819  0.00111798    -1.57556 3.88329e-06     1.57165  0.00903588
  0.564426 -0.0100861   0.652086    0.56508 -0.0106907    0.65209    0.999947  -0.0102965 4.35832e-12   -0.0102965    -0.999947 -9.34456e-13 4.36771e-12 8.89531e-13          -1     0.99997  -0.0077082 2.45318e-08  -0.0077082    -0.99997 5.63911e-07  2.01843e-08 -5.64083e-07           -1  0.00125761 -0.00444391  0.00127187    -1.57621 5.08793e-06     1.57177   0.0102377
   0.564205 -0.00988301    0.652085   0.564898 -0.0105228   0.652089   0.999935  -0.011389 4.3554e-12   -0.011389   -0.999935 -9.3632e-13 4.36578e-12 8.86655e-13          -1     0.999963  -0.00865971 -9.59562e-08 -0.00865971   -0.999963 6.49079e-07 -1.01573e-07 -6.48224e-07           -1  0.00141747 -0.00501361  0.00143585    -1.57691 6.55081e-06     1.57189   0.0115131
   0.563975 -0.00967004    0.652083   0.564705 -0.0103448   0.652088    0.999921  -0.0125346 4.35234e-12  -0.0125346   -0.999921 -9.3827e-13 4.36376e-12 8.83642e-13          -1    0.999953   -0.009665 2.54841e-08   -0.009665   -0.999953 7.36936e-07  1.83605e-08 -7.37147e-07           -1  0.00158659 -0.00561705  0.00160991    -1.57764 8.30569e-06     1.57202   0.0128616
   0.563733 -0.00944727    0.652082   0.564501 -0.0101568   0.652086    0.999906  -0.0137329 4.34913e-12   -0.0137329    -0.999906 -9.40307e-13 4.36164e-12 8.80492e-13          -1    0.999942  -0.0107238 1.57844e-08  -0.0107238   -0.999942 8.31603e-07  6.86555e-09 -8.31724e-07           -1  0.00176488 -0.00625397  0.00179406    -1.57841 1.03882e-05     1.57216   0.0142829
   0.563481 -0.00921476     0.65208    0.564287 -0.00995893    0.652085    0.999888  -0.0149835 4.34579e-12   -0.0149835    -0.999888 -9.42429e-13 4.35942e-12 8.77208e-13          -1    0.99993 -0.0118357 8.0168e-08  -0.0118357    -0.99993 9.30654e-07  6.91474e-08 -9.31538e-07           -1  0.00195222 -0.00692411  0.00198831    -1.57923 1.28354e-05      1.5723   0.0157765
   0.563219 -0.00897256    0.652078    0.564061 -0.00975115    0.652083   0.999867 -0.0162863 4.3423e-12   -0.0162863    -0.999867 -9.44634e-13 4.35711e-12 8.73789e-13          -1     0.999915   -0.0130006 -4.36454e-08  -0.0130006   -0.999915 1.03808e-06 -5.71374e-08 -1.03743e-06           -1  0.00214852 -0.00762721  0.00219266    -1.58008 1.56866e-05     1.57245    0.017342
   0.562946 -0.00872072    0.652076    0.563826 -0.00953355    0.652081    0.999844  -0.0176409 4.33867e-12   -0.0176409    -0.999844 -9.46923e-13  4.3547e-12 8.70238e-13          -1     0.999899    -0.014218 -3.40981e-08   -0.014218   -0.999899 1.14871e-06  -5.0427e-08 -1.14811e-06           -1  0.00235368 -0.00836298  0.00240713    -1.58098 1.89827e-05     1.57261   0.0189792
   0.562662 -0.00845929    0.652075    0.563579 -0.00930618     0.65208    0.999819  -0.0190469 4.33489e-12   -0.0190469    -0.999819 -9.49293e-13 4.35219e-12 8.66554e-13          -1     0.99988  -0.0154878 7.73954e-08 -0.0154878   -0.99988 1.2622e-06  5.78374e-08 -1.26325e-06           -1  0.00256757 -0.00913116  0.00263173    -1.58191 2.27669e-05     1.57278   0.0206875
   0.562369 -0.00818834    0.652073    0.563322 -0.00906909    0.652078     0.99979  -0.0205042 4.33098e-12   -0.0205042     -0.99979 -9.51744e-13 4.34958e-12 8.62741e-13          -1    0.999859  -0.0168095 7.07084e-09  -0.0168095   -0.999859 1.38454e-06 -1.62036e-08 -1.38447e-06           -1  0.00279011 -0.00993146  0.00286647    -1.58288 2.70835e-05     1.57295   0.0224666
   0.562065 -0.00790792    0.652071    0.563054 -0.00882234    0.652076    0.999758  -0.0220124 4.32693e-12   -0.0220124    -0.999758 -9.54275e-13 4.34688e-12 8.58798e-13          -1    0.999835  -0.0181829 6.47161e-08  -0.0181829   -0.999835 1.50932e-06  3.72615e-08 -1.51025e-06           -1  0.00302116  -0.0107636  0.00311138    -1.58389 3.19786e-05     1.57312   0.0243162
    0.56175 -0.00761809    0.652068    0.562776 -0.00856598    0.652074    0.999722  -0.0235711 4.32273e-12   -0.0235711    -0.999722 -9.56885e-13 4.34409e-12 8.54727e-13          -1   0.999808 -0.0196077 -2.652e-08  -0.0196077   -0.999808 1.64273e-06 -5.87251e-08  -1.6419e-06           -1  0.00326062  -0.0116273  0.00336647    -1.58493 3.75007e-05     1.57331   0.0262357
   0.561426 -0.00731889    0.652066    0.562488 -0.00830007    0.652072   0.999683 -0.0251802 4.3184e-12   -0.0251802    -0.999683 -9.59571e-13 4.34119e-12 8.50529e-13          -1    0.999778  -0.0210836 3.46546e-08  -0.0210836   -0.999778 1.77728e-06 -2.82453e-09 -1.77762e-06           -1  0.00350838  -0.0125223  0.00363177    -1.58602 4.36994e-05     1.57349   0.0282249
   0.561092 -0.00701038    0.652064    0.562189 -0.00802465     0.65207     0.99964  -0.0268392 4.31392e-12   -0.0268392     -0.99964 -9.62335e-13  4.3382e-12 8.46206e-13          -1     0.999744   -0.0226102 -3.70596e-08 -0.0226102  -0.999744 1.9204e-06 -8.04709e-08 -1.91907e-06           -1  0.00376431  -0.0134482  0.00390729    -1.58714 5.06264e-05     1.57369   0.0302833
   0.560747 -0.00669262    0.652062    0.56188 -0.0077398   0.652068    0.999592  -0.0285479 4.30931e-12   -0.0285479    -0.999592 -9.65173e-13 4.33511e-12 8.41758e-13          -1    0.999707  -0.0241874 5.48409e-08  -0.0241874   -0.999707 2.06355e-06  4.91305e-09 -2.06427e-06           -1  0.00402829  -0.0144049  0.00419308    -1.58829 5.83346e-05     1.57389   0.0324105
   0.560393 -0.00636566    0.652059    0.561561 -0.00744556    0.652066    0.999541   -0.030306 4.30456e-12    -0.030306    -0.999541 -9.68085e-13 4.33192e-12 8.37186e-13          -1    0.999667  -0.0258147 2.03245e-08  -0.0258147   -0.999667 2.21543e-06  -3.6873e-08 -2.21522e-06           -1  0.00430021  -0.0153919  0.00448915    -1.58949 6.68793e-05     1.57409   0.0346062
   0.560029 -0.00602956    0.652057    0.561232 -0.00714198    0.652063    0.999484  -0.0321131 4.29967e-12  -0.0321131   -0.999484 -9.7107e-13 4.32864e-12 8.32493e-13          -1    0.999622  -0.0274919 3.10248e-08  -0.0274919   -0.999622 2.37082e-06 -3.41652e-08 -2.37077e-06           -1  0.00457993  -0.0164091  0.00479554    -1.59071 7.63166e-05      1.5743   0.0368699
   0.559654 -0.00568437    0.652055    0.560893 -0.00682913    0.652061    0.999423  -0.0339691 4.29465e-12   -0.0339691    -0.999423 -9.74126e-13 4.32526e-12 8.27679e-13          -1    0.999573  -0.0292187 2.95074e-08  -0.0292187   -0.999573 2.53137e-06 -4.44684e-08 -2.53115e-06           -1  0.00486734   -0.017456  0.00511228    -1.59198 8.67049e-05     1.57452   0.0392014
    0.55927 -0.00533015    0.652052    0.560544 -0.00650705    0.652059    0.999356  -0.0358734 4.28948e-12   -0.0358734    -0.999356 -9.77253e-13 4.32178e-12 8.22745e-13          -1     0.99952  -0.0309947 6.90295e-08  -0.0309947    -0.99952 2.69495e-06 -1.4533e-08 -2.6958e-06          -1   0.0051623  -0.0185324   0.0054394    -1.59327 9.81041e-05     1.57474   0.0416001
   0.558877 -0.00496695    0.652049   0.560184 -0.0061758   0.652056    0.999284  -0.0378259 4.28418e-12   -0.0378259    -0.999284 -9.80449e-13  4.3182e-12 8.17694e-13          -1   0.999461 -0.0328197 8.5519e-08  -0.0328197   -0.999461 2.86407e-06 -8.52515e-09 -2.86534e-06           -1  0.00546469   -0.019638  0.00577694    -1.59461 0.000110576     1.57497   0.0440657
   0.558473 -0.00459482    0.652047    0.559815 -0.00583543    0.652054    0.999207  -0.0398262 4.27874e-12   -0.0398262    -0.999207 -9.83712e-13 4.31452e-12 8.12525e-13          -1    0.999398  -0.0346934 1.26492e-07 -0.0346934  -0.999398 3.0367e-06  2.10623e-08 -3.03926e-06           -1  0.00577439  -0.0207725  0.00612494    -1.59597 0.000124182      1.5752   0.0465978
   0.558061 -0.00421382    0.652044    0.559436 -0.00548601    0.652051    0.999123  -0.0418741 4.27317e-12   -0.0418741    -0.999123 -9.87042e-13 4.31075e-12 8.07241e-13          -1   0.999329 -0.0366153 1.2587e-07  -0.0366153   -0.999329 3.21583e-06  8.03702e-09 -3.21828e-06           -1  0.00609125  -0.0219355  0.00648343    -1.59737 0.000138989     1.57544    0.049196
   0.557638 -0.00382401    0.652041    0.559048 -0.00512758    0.652048    0.999033  -0.0439691 4.26746e-12   -0.0439691    -0.999033 -9.90437e-13 4.30688e-12 8.01843e-13          -1    0.999255  -0.0385853 1.27272e-07 -0.0385853  -0.999255 3.3995e-06 -3.99329e-09 -3.40188e-06           -1  0.00641515  -0.0231269  0.00685246     -1.5988 0.000155061     1.57568   0.0518599
   0.557206 -0.00342544    0.652038   0.558649 -0.0047602   0.652046    0.998936   -0.046111 4.26161e-12    -0.046111    -0.998936 -9.93896e-13 4.30291e-12 7.96332e-13          -1    0.999175   -0.040603 1.79773e-07   -0.040603   -0.999175 3.58486e-06 3.40686e-08 -3.5892e-06          -1  0.00674595  -0.0243461  0.00723207    -1.60027 0.000172467     1.57592   0.0545892
   0.556765 -0.00301816    0.652035    0.558241 -0.00438392    0.652043    0.998833  -0.0482995 4.25563e-12   -0.0482995    -0.998833 -9.97418e-13 4.29884e-12 7.90709e-13          -1    0.999089  -0.0426681 2.07731e-07  -0.0426681   -0.999089 3.77579e-06  4.64358e-08 -3.78121e-06           -1  0.00708352  -0.0255931   0.0076223    -1.60176 0.000191276     1.57617   0.0573834
   0.556314 -0.00260224    0.652032   0.557824 -0.0039988    0.65204    0.998722  -0.0505342 4.24951e-12 -0.0505342  -0.998722 -1.001e-12 4.29467e-12 7.84976e-13          -1    0.998997  -0.0447803 1.35458e-07  -0.0447803   -0.998997 3.97719e-06 -4.27781e-08 -3.97927e-06           -1  0.00742772  -0.0268673   0.0080232    -1.60329 0.000211559     1.57642   0.0602421
   0.555854 -0.00217772    0.652029    0.557397 -0.00360489    0.652037    0.998604  -0.0528148 4.24326e-12   -0.0528148    -0.998604 -1.00464e-12  4.2904e-12 7.79134e-13          -1    0.998898  -0.0469392 1.23281e-07  -0.0469392   -0.998898 4.17966e-06 -7.30447e-08 -4.18084e-06           -1  0.00777842  -0.0281686  0.00843481    -1.60485 0.000233387     1.57668    0.063165
   0.555384 -0.00174465    0.652026     0.55696 -0.00320225    0.652034    0.998479  -0.0551411 4.23688e-12   -0.0551411    -0.998479 -1.00835e-12 4.28603e-12 7.73185e-13          -1    0.998792  -0.0491446 2.16057e-07  -0.0491446   -0.998792 4.37943e-06   5.6981e-10 -4.38476e-06           -1  0.00813548  -0.0294966  0.00885718    -1.60644 0.000256836     1.57694   0.0661517
  0.554906 -0.0013031   0.652023    0.556514 -0.00279094    0.652031    0.998345  -0.0575126 4.23036e-12  -0.0575126   -0.998345 -1.0121e-12 4.28156e-12  7.6713e-13          -1    0.998678  -0.0513962 3.30287e-07  -0.0513962   -0.998678 4.58148e-06 9.43802e-08 -4.5924e-06          -1  0.00849876  -0.0308509  0.00929035    -1.60806 0.000281979     1.57721   0.0692017
    0.554418 -0.000853121      0.65202  0.556059 -0.002371  0.652028   0.998203 -0.0599291 4.2237e-12   -0.0599291    -0.998203 -1.01592e-12 4.27699e-12  7.6097e-13          -1    0.998557  -0.0536935 2.63524e-07  -0.0536935   -0.998557 4.80045e-06  5.39093e-09 -4.80768e-06           -1  0.00886811  -0.0322313  0.00973438    -1.60971 0.000308893     1.57748   0.0723147
    0.553921 -0.000394764     0.652017   0.555594 -0.0019425   0.652024    0.998052  -0.0623901 4.21692e-12   -0.0623901    -0.998052 -1.01979e-12 4.27233e-12 7.54706e-13          -1   0.998429 -0.0560363 2.9256e-07  -0.0560363   -0.998429 5.01721e-06  1.09548e-08 -5.02572e-06           -1   0.0092434  -0.0336375   0.0101893    -1.61138 0.000337656     1.57775   0.0754903
   0.553415 7.19163e-05    0.652013     0.55512 -0.00150548    0.652021   0.997892 -0.0648955   4.21e-12   -0.0648955    -0.997892 -1.02371e-12 4.26756e-12 7.48341e-13          -1    0.998292  -0.0584243 2.20227e-07  -0.0584243   -0.998292 5.24568e-06 -8.66239e-08 -5.24958e-06           -1   0.0096245  -0.0350691   0.0106552    -1.61309 0.000368348     1.57802    0.078728
     0.5529 0.000546863     0.65201 0.554637 -0.00106 0.652018    0.997723  -0.0674449 4.20295e-12   -0.0674449    -0.997723 -1.02768e-12 4.26269e-12 7.41876e-13          -1    0.998146   -0.060857 3.15437e-07   -0.060857   -0.998146 5.46506e-06 -1.77351e-08 -5.47413e-06           -1   0.0100112  -0.0365258   0.0111321    -1.61482 0.000401049      1.5783   0.0820276
  0.552377 0.00103002   0.652006     0.554145 -0.000606122     0.652014    0.997544  -0.0700379 4.19576e-12   -0.0700379    -0.997544 -1.03171e-12 4.25772e-12 7.35311e-13          -1    0.997992  -0.0633343 3.82646e-07 -0.0633343  -0.997992 5.6901e-06   2.1499e-08 -5.70291e-06           -1   0.0104035  -0.0380073     0.01162    -1.61659 0.000435842     1.57858   0.0853885
  0.551844 0.00152134   0.652003     0.553644 -0.000143893     0.652011    0.997356  -0.0726741 4.18844e-12   -0.0726741    -0.997356 -1.03578e-12 4.25264e-12 7.28649e-13          -1    0.997829  -0.0658558 4.45363e-07  -0.0658558   -0.997829 5.91947e-06  5.45647e-08 -5.93595e-06           -1   0.0108011  -0.0395133   0.0121191    -1.61838 0.000472809     1.57887   0.0888105
  0.551303 0.00202076   0.651999    0.553133 0.000326631    0.652007   0.997157 -0.0753534  4.181e-12  -0.0753534   -0.997157 -1.0399e-12 4.24747e-12  7.2189e-13          -1    0.997657  -0.0684211 4.26702e-07 -0.0684211  -0.997657 6.1602e-06  4.21397e-09 -6.17496e-06           -1    0.011204  -0.0410434   0.0126293    -1.62019 0.000512036     1.57915    0.092293
  0.550753 0.00252823   0.651996    0.552614 0.000805392    0.652004    0.996947  -0.0780752 4.17342e-12   -0.0780752    -0.996947 -1.04406e-12 4.24219e-12 7.15037e-13          -1    0.997474    -0.07103 4.75903e-07    -0.07103   -0.997474 6.39863e-06  2.02065e-08 -6.41627e-06           -1   0.0116119  -0.0425974   0.0131508    -1.62203 0.000553608     1.57944   0.0958358
  0.550194 0.00304369   0.651992   0.552086 0.00129234      0.652    0.996727  -0.0808393 4.16571e-12   -0.0808393    -0.996727 -1.04827e-12 4.23681e-12 7.08091e-13          -1    0.997282   -0.073682 3.93373e-07   -0.073682   -0.997282 6.65371e-06  -9.7955e-08 -6.66461e-06           -1   0.0120248  -0.0441748   0.0136835     -1.6239 0.000597614     1.57973   0.0994384
  0.549627 0.00356709   0.651988    0.55155 0.00178742   0.651997    0.996496  -0.0836454 4.15787e-12   -0.0836454    -0.996496 -1.05253e-12 4.23133e-12 7.01053e-13          -1    0.997079  -0.0763768 5.61418e-07 -0.0763768  -0.997079 6.8874e-06  3.37402e-08 -6.91016e-06           -1  0.0124425 -0.0457755  0.0142275    -1.6258 0.00064414    1.58002     0.1031
  0.549051 0.00409838   0.651984   0.551004 0.00229057   0.651993    0.996252  -0.0864931 4.14989e-12   -0.0864931    -0.996252 -1.05682e-12 4.22575e-12 6.93925e-13          -1    0.996866  -0.0791141 6.61454e-07  -0.0791141   -0.996866 7.13066e-06  9.52449e-08 -7.16064e-06           -1   0.0128648   -0.047399   0.0147829    -1.62771 0.000693278     1.58032    0.106821
  0.548467 0.00463749    0.65198    0.55045 0.00280174   0.651989    0.995997  -0.0893819 4.14179e-12   -0.0893819    -0.995997 -1.06116e-12 4.22006e-12 6.86708e-13          -1    0.996641  -0.0818936 6.04888e-07  -0.0818936   -0.996641 7.39496e-06 -2.74344e-09 -7.41966e-06           -1   0.0132916   -0.049045   0.0153497    -1.62966 0.000745117     1.58062    0.110601
  0.547874 0.00518438   0.651976   0.549887 0.00332088   0.651985     0.99573  -0.0923117 4.13356e-12   -0.0923117     -0.99573 -1.06553e-12 4.21427e-12 6.79405e-13          -1   0.996405 -0.0847149 5.3982e-07  -0.0847149   -0.996405 7.66475e-06 -1.11439e-07 -7.68293e-06           -1  0.0137228 -0.0507133  0.0159281   -1.63162 0.00079975    1.58092   0.114439
  0.547273 0.00573899   0.651972   0.549315 0.00384793   0.651981    0.99545 -0.0952821 4.1252e-12   -0.0952821     -0.99545 -1.06994e-12 4.20838e-12 6.72015e-13          -1    0.996158  -0.0875776 6.24932e-07  -0.0875776   -0.996158 7.92052e-06 -7.11294e-08 -7.94482e-06           -1  0.0141581 -0.0524035  0.0165179   -1.63361 0.00085727    1.58122   0.118334
  0.546663 0.00630126   0.651968   0.548735 0.00438283   0.651977    0.995158  -0.0982926 4.11671e-12   -0.0982926    -0.995158 -1.07439e-12 4.20238e-12 6.64541e-13          -1    0.995898  -0.0904815 7.74447e-07  -0.0904815   -0.995898 8.17114e-06 3.19335e-08 -8.2077e-06          -1   0.0145976  -0.0541152   0.0171194    -1.63563 0.000917771     1.58152    0.122287
  0.546045 0.00687115   0.651964   0.548147 0.00492554   0.651973    0.994852   -0.101343 4.10809e-12    -0.101343    -0.994852 -1.07887e-12 4.19628e-12 6.56985e-13          -1    0.995626  -0.0934261 7.73224e-07  -0.0934261   -0.995626 8.44365e-06 -1.90159e-08 -8.47896e-06           -1   0.0150409  -0.0558482   0.0177325    -1.63766 0.000981349     1.58182    0.126298
   0.54542 0.00744858    0.65196    0.54755 0.00547599   0.651969    0.994532   -0.104433 4.09935e-12    -0.104433    -0.994532 -1.08338e-12 4.19007e-12 6.49347e-13          -1    0.995342  -0.0964112 8.93837e-07  -0.0964112   -0.995342 8.70416e-06  5.04951e-08 -8.74978e-06           -1  0.0154881 -0.0576022  0.0183573   -1.63972  0.0010481    1.58213   0.130364
  0.544786 0.00803352   0.651956   0.546945 0.00603414   0.651965    0.994198   -0.107562 4.09047e-12    -0.107562    -0.994198 -1.08792e-12 4.18376e-12  6.4163e-13          -1    0.995044  -0.0994363 8.21009e-07  -0.0994363   -0.995044 8.99332e-06  -7.7322e-08 -9.03039e-06           -1  0.0159388 -0.0593768  0.0189939    -1.6418 0.00111812    1.58243   0.134487
  0.544143 0.00862591   0.651952   0.546331 0.00659992   0.651961    0.993851   -0.110729 4.08147e-12    -0.110729    -0.993851 -1.09249e-12 4.17734e-12 6.33836e-13          -1    0.994733   -0.102501 9.33659e-07   -0.102501   -0.994733 9.26104e-06  -2.0525e-08 -9.30796e-06           -1  0.0163931 -0.0611716  0.0196423    -1.6439 0.00119151    1.58274   0.138666
  0.543493 0.00922569   0.651947    0.54571 0.00717329   0.651956    0.993488   -0.113935 4.07234e-12    -0.113935    -0.993488 -1.09709e-12 4.17082e-12 6.25964e-13          -1    0.994408   -0.105605 1.03786e-06   -0.105605   -0.994408 9.53186e-06  2.54464e-08 -9.58816e-06           -1  0.0168506 -0.0629865  0.0203026   -1.64602 0.00126837    1.58304     0.1429
 0.542835 0.0098328  0.651943    0.54508 0.00775418   0.651952    0.993111   -0.117179 4.06309e-12    -0.117179    -0.993111 -1.10172e-12  4.1642e-12 6.18018e-13          -1    0.994069   -0.108748 1.16126e-06   -0.108748   -0.994069 9.80276e-06 8.83364e-08 -9.8709e-06          -1  0.0173114  -0.064821  0.0209747   -1.64816 0.00134879    1.58335   0.147189
 0.542169 0.0104472  0.651939   0.544442 0.00834254   0.651948    0.992718   -0.120461 4.05371e-12    -0.120461    -0.992718 -1.10637e-12 4.15746e-12 6.09999e-13          -1    0.993716    -0.11193 1.10635e-06    -0.11193   -0.993716 1.01035e-05 -3.14843e-08 -1.01638e-05           -1  0.0177752 -0.0666748  0.0216589   -1.65032 0.00143288    1.58366   0.151533
 0.541496 0.0110688  0.651934   0.543796 0.00893833   0.651943    0.99231   -0.12378 4.0442e-12     -0.12378     -0.99231 -1.11104e-12 4.15062e-12 6.01908e-13          -1    0.993348    -0.11515 1.13224e-06    -0.11515   -0.993348 1.03955e-05 -7.23306e-08 -1.04567e-05           -1  0.0182419 -0.0685477   0.022355    -1.6525 0.00152075    1.58396    0.15593
 0.540814 0.0116976   0.65193   0.543142 0.00954148   0.651939    0.991885   -0.127136 4.03457e-12    -0.127136    -0.991885 -1.11574e-12 4.14368e-12 5.93747e-13          -1    0.992965   -0.118408 1.29098e-06   -0.118408   -0.992965 1.06684e-05  1.86819e-08 -1.07462e-05           -1  0.0187114 -0.0704393  0.0230633   -1.65469 0.00161248    1.58427   0.160382
 0.540125 0.0123335  0.651925   0.54248 0.0101519  0.651934    0.991445   -0.130528 4.02481e-12    -0.130528    -0.991445 -1.12045e-12 4.13662e-12 5.85517e-13          -1    0.992567   -0.121703 1.37716e-06   -0.121703   -0.992567 1.09551e-05  3.36586e-08 -1.10412e-05           -1  0.0191835 -0.0723493  0.0237836   -1.65691  0.0017082    1.58458   0.164887
 0.539428 0.0129765   0.65192   0.54181 0.0107696   0.65193    0.990987   -0.133957 4.01492e-12    -0.133957    -0.990987 -1.12519e-12 4.12947e-12 5.77221e-13          -1    0.992152   -0.125036 1.42069e-06  -0.125036  -0.992152 1.1252e-05  2.64259e-09 -1.13413e-05           -1  0.0196581 -0.0742774  0.0245162   -1.65914 0.00180799    1.58489   0.169445
 0.538723 0.0136265  0.651916  0.541133 0.0113946  0.651925    0.990513   -0.137421 4.00492e-12    -0.137421    -0.990513 -1.12994e-12 4.1222e-12 5.6886e-13         -1    0.991722   -0.128405 1.46561e-06   -0.128405   -0.991722 1.15515e-05  -2.9792e-08 -1.16441e-05           -1   0.020135 -0.0762233   0.025261   -1.66139 0.00191197     1.5852   0.174055
 0.538011 0.0142834  0.651911  0.540447 0.0120266   0.65192    0.990021    -0.14092 3.99479e-12    -0.14092   -0.990021 -1.1347e-12 4.11483e-12 5.60435e-13          -1    0.991275    -0.13181 1.54082e-06    -0.13181   -0.991275 1.18478e-05 -3.42849e-08 -1.19475e-05           -1   0.020614 -0.0781866   0.026018   -1.66366 0.00202025     1.5855   0.178718
 0.537292 0.0149473  0.651906  0.539754 0.0126658  0.651916    0.989511   -0.144455 3.98453e-12    -0.144455    -0.989511 -1.13948e-12 4.10734e-12 5.51948e-13          -1    0.990811   -0.135252 1.69695e-06   -0.135252   -0.990811 1.21314e-05  4.05577e-08 -1.22494e-05           -1  0.0210952 -0.0801671  0.0267874   -1.66595 0.00213291    1.58581   0.183432
 0.536565 0.0156179  0.651901  0.539054 0.0133119  0.651911    0.988984   -0.148024 3.97415e-12    -0.148024    -0.988984 -1.14428e-12 4.09975e-12   5.434e-13          -1     0.99033   -0.138729 1.61077e-06   -0.138729    -0.99033 1.24627e-05 -1.33741e-07 -1.25656e-05           -1  0.0215782 -0.0821644  0.0275691   -1.66825 0.00225009    1.58611   0.188198
  0.53583 0.0162954  0.651896  0.538346 0.0139651  0.651906    0.988438   -0.151627 3.96365e-12    -0.151627    -0.988438 -1.14908e-12 4.09206e-12 5.34795e-13          -1    0.989832   -0.142242 1.80092e-06   -0.142242   -0.989832 1.27443e-05 -3.01602e-08 -1.28709e-05           -1   0.022063 -0.0841783  0.0283633   -1.67056 0.00237187    1.58642   0.193014
 0.535089 0.0169796  0.651892   0.53763 0.0146252  0.651901    0.987873   -0.155264 3.95303e-12    -0.155264    -0.987873 -1.15389e-12 4.08425e-12 5.26132e-13          -1    0.989316   -0.145789 1.95052e-06   -0.145789   -0.989316 1.30338e-05  2.95064e-08 -1.31789e-05           -1  0.0225494 -0.0862084  0.0291699   -1.67289 0.00249838    1.58672   0.197881
  0.53434 0.0176705  0.651887  0.536907 0.0152921  0.651896    0.987289   -0.158935 3.94229e-12    -0.158935    -0.987289 -1.15871e-12 4.07634e-12 5.17413e-13          -1    0.988781    -0.14937 1.97781e-06    -0.14937   -0.988781 1.33504e-05 -3.85371e-08 -1.34961e-05           -1  0.0230374 -0.0882544   0.029989   -1.67524 0.00262971    1.58702   0.202799
0.533584 0.018368 0.651882  0.536176 0.0159659  0.651891    0.986686   -0.162638 3.93142e-12    -0.162638    -0.986686 -1.16353e-12 4.06831e-12 5.08641e-13          -1    0.988228   -0.152986 2.05571e-06   -0.152986   -0.988228 1.36592e-05 -5.81465e-08 -1.38129e-05           -1  0.0235266  -0.090316  0.0308207    -1.6776 0.00276597    1.58732   0.207765
 0.532821 0.0190721  0.651877  0.535438 0.0166464  0.651886    0.986063   -0.166374 3.92044e-12    -0.166374    -0.986063 -1.16836e-12 4.06018e-12 4.99817e-13          -1    0.987657   -0.156635 2.22507e-06   -0.156635   -0.987657 1.39501e-05  1.25201e-08 -1.41265e-05           -1  0.0240171  -0.092393   0.031665   -1.67997 0.00290728    1.58762   0.212781
 0.532051 0.0197827  0.651871  0.534693 0.0173337  0.651881     0.98542   -0.170142 3.90933e-12    -0.170142     -0.98542 -1.17319e-12 4.05194e-12 4.90943e-13          -1    0.987065   -0.160318 2.29328e-06   -0.160318   -0.987065 1.42638e-05 -2.31217e-08 -1.44469e-05           -1  0.0245087 -0.0944849  0.0325219   -1.68236 0.00305374    1.58792   0.217846
 0.531273 0.0204997  0.651866  0.533941 0.0180276  0.651876    0.984756   -0.173942 3.89811e-12    -0.173942    -0.984756 -1.17802e-12 4.04359e-12  4.8202e-13          -1   0.986455  -0.164033 2.3011e-06   -0.164033   -0.986455 1.45935e-05 -1.23873e-07 -1.47732e-05           -1  0.0250013 -0.0965916  0.0333914   -1.68476 0.00320547    1.58822   0.222959
 0.530489 0.0212232  0.651861  0.533181 0.0187281  0.651871    0.984072   -0.177773 3.88676e-12    -0.177773    -0.984072 -1.18285e-12 4.03513e-12 4.73049e-13          -1    0.985824   -0.167781 2.53509e-06   -0.167781   -0.985824 1.48725e-05 3.83126e-09 -1.5087e-05          -1  0.0254946 -0.0987127  0.0342737   -1.68717 0.00336257    1.58851    0.22812
0.529698 0.021953 0.651856  0.532415 0.0194351  0.651866   0.983366  -0.181635 3.8753e-12    -0.181635    -0.983366 -1.18768e-12 4.02656e-12 4.64034e-13          -1    0.985174   -0.171561 2.58446e-06   -0.171561   -0.985174 1.51953e-05 -6.07687e-08 -1.54134e-05           -1  0.0259887  -0.100848  0.0351687   -1.68959 0.00352515    1.58881   0.233329
   0.5289 0.0226891  0.651851  0.531641 0.0201486   0.65186    0.982639   -0.185528 3.86372e-12   -0.185528   -0.982639 -1.1925e-12 4.01788e-12 4.54975e-13          -1   0.984502  -0.175372 2.7134e-06   -0.175372   -0.984502 1.55011e-05 -4.71053e-08 -1.57367e-05           -1  0.0264833  -0.102997  0.0360766   -1.69203 0.00369333     1.5891   0.238585
 0.528096 0.0234314  0.651845  0.530861 0.0208686  0.651855     0.98189    -0.18945 3.85202e-12     -0.18945     -0.98189 -1.19732e-12  4.0091e-12 4.45874e-13          -1     0.98381   -0.179214 2.86601e-06  -0.179214   -0.98381 1.5802e-05 -1.23343e-08 -1.60598e-05           -1 0.0269783 -0.105159 0.0369972  -1.69448 0.0038672   1.58939  0.243887
0.527284  0.02418  0.65184  0.530073 0.0215949   0.65185     0.98112   -0.193402 3.84021e-12    -0.193402     -0.98112 -1.20213e-12  4.0002e-12 4.36733e-13          -1    0.983097   -0.183088 2.97904e-06  -0.183088  -0.983097 1.6113e-05 -2.14074e-08 -1.63861e-05           -1  0.0274736  -0.107335  0.0379307   -1.69693 0.00404689    1.58967   0.249236
 0.526466 0.0249346  0.651834  0.529279 0.0223276  0.651844    0.980326   -0.197384 3.82827e-12    -0.197384    -0.980326 -1.20694e-12 3.99119e-12 4.27553e-13          -1    0.982362   -0.186991 3.09764e-06   -0.186991   -0.982362 1.64238e-05  -2.8097e-08 -1.67133e-05           -1  0.0279691  -0.109524  0.0388771    -1.6994 0.00423251    1.58996   0.254631
 0.525642 0.0256954  0.651829  0.528478 0.0230665  0.651839     0.97951   -0.201394 3.81623e-12    -0.201394     -0.97951 -1.21173e-12 3.98207e-12 4.18336e-13          -1    0.981605   -0.190925 3.16542e-06   -0.190925   -0.981605 1.67494e-05 -9.06765e-08 -1.70456e-05           -1  0.0284646  -0.111725  0.0398364   -1.70188 0.00442415    1.59024   0.260071
 0.524811 0.0264621  0.651823   0.52767 0.0238116  0.651833    0.978671   -0.205433 3.80406e-12    -0.205433    -0.978671 -1.21651e-12 3.97284e-12 4.09085e-13          -1    0.980826   -0.194888 3.35566e-06   -0.194888   -0.980826 1.70425e-05 -3.00523e-08 -1.73697e-05           -1  0.0289601  -0.113939  0.0408086   -1.70436 0.00462194    1.59052   0.265556
 0.523973 0.0272349  0.651818  0.526855 0.0245629  0.651828    0.977809   -0.209499 3.79179e-12    -0.209499    -0.977809 -1.22128e-12  3.9635e-12 3.99799e-13          -1    0.980024    -0.19888 3.36668e-06    -0.19888   -0.980024 1.73849e-05 -1.58069e-07 -1.77072e-05           -1  0.0294554  -0.116165  0.0417938   -1.70686 0.00482599    1.59079   0.271086
 0.523129 0.0280135  0.651812  0.526034 0.0253203  0.651822   0.976923  -0.213593 3.7794e-12    -0.213593    -0.976923 -1.22603e-12 3.95405e-12 3.90483e-13          -1    0.979199     -0.2029 3.49328e-06     -0.2029   -0.979199 1.76965e-05 -1.70009e-07 -1.80372e-05           -1  0.0299503  -0.118403   0.042792   -1.70936 0.00503639    1.59107    0.27666
0.522279 0.028798 0.651807  0.525206 0.0260838  0.651817    0.976013   -0.217714 3.76689e-12    -0.217714    -0.976013 -1.23076e-12 3.94449e-12 3.81136e-13          -1    0.978352   -0.206949 3.79867e-06   -0.206949   -0.978352 1.79564e-05   3.8441e-10 -1.83538e-05           -1  0.0304449  -0.120652  0.0438032   -1.71188 0.00525327    1.59134   0.282277
 0.521422 0.0295883  0.651801  0.524372 0.0268532  0.651811    0.975078   -0.221861 3.75428e-12    -0.221861    -0.975078 -1.23548e-12 3.93482e-12 3.71761e-13          -1    0.977481   -0.211025 3.75976e-06   -0.211025   -0.977481 1.83166e-05 -1.90182e-07 -1.86975e-05           -1  0.0309388  -0.122912  0.0448275    -1.7144 0.00547672    1.59161   0.287938
 0.520559 0.0303844  0.651795  0.523531 0.0276286  0.651805    0.974119   -0.226035 3.74155e-12    -0.226035    -0.974119 -1.24018e-12 3.92504e-12 3.62359e-13          -1    0.976586   -0.215129 3.99739e-06   -0.215129   -0.976586 1.85956e-05 -9.66576e-08 -1.90201e-05           -1  0.0314321  -0.125184  0.0458648   -1.71693 0.00570687    1.59187   0.293642
  0.51969 0.0311861  0.651789  0.522684 0.0284099  0.651799    0.973135   -0.230234 3.72871e-12    -0.230234    -0.973135 -1.24485e-12 3.91514e-12 3.52933e-13          -1    0.975666    -0.21926 4.14536e-06    -0.21926   -0.975666 1.89012e-05  -9.9786e-08 -1.93502e-05           -1  0.0319246  -0.127466  0.0469152   -1.71946 0.00594382    1.59213   0.299389
 0.518815 0.0319935  0.651784 0.521831 0.029197 0.651794    0.972126   -0.234458 3.71576e-12   -0.234458   -0.972126 -1.2495e-12 3.90514e-12 3.43483e-13          -1    0.974723   -0.223417 4.24462e-06  -0.223417  -0.974723 1.9222e-05 -1.57186e-07 -1.96844e-05           -1  0.0324162  -0.129758  0.0479788     -1.722 0.00618767    1.59239   0.305177
 0.517934 0.0328065  0.651778  0.520971 0.0299899  0.651788   0.971092  -0.238708 3.7027e-12    -0.238708    -0.971092 -1.25413e-12 3.89503e-12 3.34012e-13          -1    0.973755     -0.2276 4.47713e-06     -0.2276   -0.973755 1.94997e-05 -7.85108e-08 -2.00069e-05           -1  0.0329068  -0.132061  0.0490554   -1.72455 0.00643853    1.59264   0.311007
0.517047 0.033625 0.651772  0.520106 0.0307885  0.651782    0.970031   -0.242981 3.68953e-12    -0.242981    -0.970031 -1.25873e-12 3.88481e-12 3.24522e-13          -1    0.972761   -0.231808 4.69789e-06   -0.231808   -0.972761 1.97804e-05 -1.53376e-08 -2.03306e-05           -1  0.0333962  -0.134373  0.0501452    -1.7271 0.00669652     1.5929   0.316878
0.516154 0.034449 0.651766  0.519234 0.0315928  0.651776    0.968944   -0.247278 3.67625e-12   -0.247278   -0.968944 -1.2633e-12 3.87447e-12 3.15013e-13          -1    0.971743   -0.236042 4.71971e-06   -0.236042   -0.971743 2.01262e-05  -1.6427e-07 -2.06715e-05           -1  0.0338844  -0.136695  0.0512481   -1.72966 0.00696173    1.59314    0.32279
 0.515255 0.0352784   0.65176  0.518356 0.0324026   0.65177    0.967832   -0.251599 3.66287e-12    -0.251599    -0.967832 -1.26785e-12 3.86403e-12 3.05488e-13          -1   0.970699    -0.2403 4.9489e-06     -0.2403   -0.970699 2.04021e-05 -9.87365e-08 -2.09935e-05           -1  0.0343713  -0.139027  0.0523642   -1.73223 0.00723427    1.59339   0.328743
  0.51435 0.0361131  0.651754  0.517472 0.0332181  0.651764    0.966692   -0.255943 3.64937e-12    -0.255943    -0.966692 -1.27236e-12 3.85347e-12 2.95949e-13          -1    0.969629   -0.244582 5.04222e-06   -0.244582   -0.969629 2.07235e-05 -1.79523e-07 -2.13273e-05           -1  0.0348567  -0.141367  0.0534934    -1.7348 0.00751425    1.59363   0.334735
 0.513439 0.0369532  0.651748 0.516582 0.034039 0.651758    0.965525   -0.260308 3.63578e-12    -0.260308    -0.965525 -1.27684e-12 3.84281e-12 2.86397e-13          -1    0.968532   -0.248888 5.26307e-06   -0.248888   -0.968532 2.10007e-05 -1.29367e-07 -2.16497e-05           -1  0.0353406  -0.143716  0.0546358   -1.73737 0.00780177    1.59386   0.340766
 0.512523 0.0377985  0.651742  0.515686 0.0348654  0.651752    0.964332   -0.264696 3.62207e-12    -0.264696    -0.964332 -1.28128e-12 3.83203e-12 2.76834e-13          -1   0.967409  -0.253217 5.4647e-06   -0.253217   -0.967409 2.12814e-05 -1.02231e-07 -2.19716e-05           -1  0.0358228  -0.146074  0.0557914   -1.73995 0.00809693     1.5941   0.346837
 0.511601 0.0386491  0.651736  0.514784 0.0356972  0.651746    0.963111   -0.269106 3.60826e-12   -0.269106   -0.963111 -1.2857e-12 3.82114e-12 2.67262e-13          -1     0.96626   -0.257569 5.61456e-06   -0.257569    -0.96626 2.15807e-05 -1.33405e-07 -2.22987e-05           -1  0.0363033   -0.14844  0.0569602   -1.74253 0.00839984    1.59432   0.352946
 0.510674 0.0395047   0.65173  0.513876 0.0365343   0.65174    0.961862   -0.273536 3.59435e-12    -0.273536    -0.961862 -1.29007e-12 3.81015e-12 2.57683e-13          -1    0.965083   -0.261943 5.77668e-06   -0.261943   -0.965083 2.18745e-05 -1.54898e-07 -2.26239e-05           -1 0.0367819 -0.150814 0.0581422  -1.74512 0.0087106   1.59455  0.359094
