  0.566616 -0.0120483   0.651914   0.566616 -0.0120483   0.651914            1  0.000204563 -0.000319729 0.000204574          -1  3.1877e-05 -0.000319722 -3.19424e-05           -1            1  0.000204563 -0.000319729 0.000204574          -1  3.1877e-05 -0.000319722 -3.19424e-05           -1 -2.47955e-05  0.000355959 -6.22272e-05     -1.57077 -3.19481e-05       1.5708 -0.000291586
   0.56661 -0.0120429   0.651914   0.566616 -0.0120481   0.651915            1  0.000175156 -0.000319723 0.000175166          -1 3.18812e-05 -0.000319718 -3.19372e-05           -1            1  0.000203848 -0.000318298 0.000203858          -1 3.16391e-05 -0.000318292  -3.1704e-05           -1 -2.47955e-05   0.00035429 -6.17504e-05     -1.57077 -3.17097e-05       1.5708 -0.000290394
  0.566593 -0.0120265   0.651914   0.566715 -0.0120883   0.651777            1   8.7131e-05 -0.000319708 8.71412e-05          -1 3.18939e-05 -0.000319705 -3.19218e-05           -1            1  0.000421763 -0.000548638 0.000421798          -1 6.36586e-05 -0.000548611   -6.389e-05           -1 -3.52859e-05  0.000654936 -0.000123978      -1.5707 -6.38962e-05      1.57081 -0.000581026
  0.566563 -0.0119993   0.651914   0.566722 -0.0120948   0.651762            1 -5.92175e-05 -0.000319682 -5.92073e-05           -1   3.1915e-05 -0.000319684  -3.1896e-05           -1            1  0.000407697 -0.000573673 0.000407734          -1   6.484e-05 -0.000573646 -6.50739e-05           -1 -4.72069e-05   0.00067687 -0.000123262     -1.57071 -6.50883e-05      1.57081 -0.000578165
  0.566522 -0.0119613   0.651914   0.566808 -0.0121285   0.651654            1 -0.000263595 -0.000319646 -0.000263585           -1  3.19444e-05 -0.000319655 -3.18601e-05           -1            1  0.000632288 -0.000748241  0.00063236          -1 9.60868e-05  -0.00074818 -9.65599e-05           -1   -4.673e-05  0.000939369 -0.000184774     -1.57062 -9.65595e-05      1.57081 -0.000863791
  0.566469 -0.0119126   0.651913   0.566821 -0.0121401   0.651627            1 -0.000525707   -0.0003196 -0.000525696           -1  3.19821e-05 -0.000319617 -3.18141e-05           -1            1  0.000606062 -0.000794018 0.000606141          -1 9.84424e-05 -0.000793959 -9.89236e-05           -1 -6.81877e-05  0.000979662 -0.000183344     -1.57063 -9.89437e-05      1.57082 -0.000857592
  0.566405 -0.0118532   0.651913     0.5669 -0.0121683   0.651533            1 -0.000845258 -0.000319544 -0.000845248           -1   3.2028e-05 -0.000319571 -3.17579e-05           -1     0.999999  0.000833753 -0.000944046 0.000833875          -1 0.000128447 -0.000943938 -0.000129235           -1 -5.88894e-05   0.00121951 -0.000244141     -1.57055 -0.000129223      1.57082  -0.00113678
  0.566329 -0.0117831   0.651912   0.566919 -0.0121836   0.651492     0.999999  -0.00122195 -0.000319478 -0.00122194   -0.999999 3.20821e-05 -0.000319517 -3.16917e-05           -1    0.999999 0.000796561 -0.00101319 0.000796695          -1  0.00013149  -0.00101308 -0.000132297    -0.999999 -8.74996e-05   0.00127625 -0.000241756     -1.57057 -0.000132322      1.57083  -0.00112581
  0.566241 -0.0117026   0.651912  0.566994 -0.012207  0.651402     0.999999   -0.0016555 -0.000319401 -0.00165549   -0.999999 3.21444e-05 -0.000319454 -3.16156e-05           -1    0.999999  0.00102473 -0.00115965  0.00102492   -0.999999 0.000160243  -0.00115949 -0.000161431    -0.999999 -7.08103e-05   0.00150371   -0.0003016     -1.57049 -0.000161409      1.57083  -0.00139713
  0.566143 -0.0116114   0.651911   0.567017 -0.0122251   0.651347     0.999998   -0.0021456 -0.000319315 -0.00214559   -0.999998 3.22148e-05 -0.000319384 -3.15296e-05           -1    0.999999 0.000976332 -0.00125312 0.000976538          -1 0.000163965  -0.00125296 -0.000165188    -0.999999 -0.000105381   0.00157571 -0.000298023     -1.57052 -0.000165224      1.57084  -0.00137973
  0.566033 -0.0115099   0.651911    0.56709 -0.0122448   0.651254     0.999996  -0.00269197 -0.000319219 -0.00269196   -0.999996 3.22932e-05 -0.000319305 -3.14337e-05           -1    0.999998  0.00120164 -0.00140746  0.00120191   -0.999999 0.000190973  -0.00140723 -0.000192664    -0.999999 -8.29697e-05   0.00179648 -0.000356913     -1.57046 -0.000192642      1.57085  -0.00164151
  0.565911 -0.0113979    0.65191  0.567117 -0.012265  0.651186     0.999995   -0.0032943 -0.000319113 -0.00329428   -0.999995 3.23795e-05 -0.000319218 -3.13281e-05           -1    0.999998  0.00114204 -0.00152405  0.00114234   -0.999999 0.000195371  -0.00152383 -0.000197112    -0.999999 -0.000122309   0.00188208 -0.000351906      -1.5705 -0.000197172      1.57086  -0.00161624
  0.565779 -0.0112756   0.651909   0.567189 -0.0122816   0.651088     0.999992  -0.00395229 -0.000318997 -0.00395228   -0.999992 3.24738e-05 -0.000319123 -3.12128e-05           -1    0.999998  0.00136186 -0.00169009  0.00136224   -0.999999 0.000221341  -0.00168978 -0.000223643    -0.999999 -9.56059e-05   0.00209856 -0.000409603     -1.57045 -0.000223637      1.57086  -0.00186706
 0.565635 -0.011143  0.651908    0.56722 -0.0123034   0.651009     0.999989  -0.00466567 -0.000318871 -0.00466566   -0.999989 3.25759e-05 -0.000319019 -3.10878e-05           -1    0.999998  0.00129034 -0.00182599  0.00129075   -0.999999 0.000225943 -0.00182569  -0.0002283   -0.999998 -0.000139236   0.00219488 -0.000402927      -1.5705 -0.000228405      1.57087  -0.00183249
   0.56548 -0.0110001   0.651907    0.56729 -0.0123172   0.650905     0.999985  -0.00543412 -0.000318735 -0.00543411   -0.999985 3.26858e-05 -0.000318908 -3.09533e-05           -1    0.999997  0.00150325 -0.00200419  0.00150375   -0.999999 0.000250631  -0.00200381 -0.000253644    -0.999998 -0.000108957   0.00240731 -0.000459194     -1.57047 -0.000253677      1.57087  -0.00207138
  0.565314 -0.0108471   0.651906 0.567323 -0.01234 0.650818     0.99998 -0.00625736 -0.00031859 -0.00625735    -0.99998 3.28034e-05 -0.000318789 -3.08092e-05           -1    0.999997  0.00141909 -0.00215487 0.00141964  -0.999999 0.00025569  -0.00215451 -0.000258748    -0.999998 -0.000155687   0.00251079  -0.00045085     -1.57053 -0.000258923      1.57089   -0.0020256
  0.565137 -0.0106839   0.651905   0.567391 -0.0123512    0.65071     0.999974  -0.00713509 -0.000318435 -0.00713508   -0.999975 3.29287e-05 -0.000318661 -3.06558e-05           -1    0.999996  0.00162342 -0.00234333  0.00162408   -0.999999 0.000279816 -0.00234288 -0.00028362   -0.999997 -0.000122547   0.00271773 -0.000505209     -1.57051 -0.000283718      1.57089  -0.00225115
  0.564949 -0.0105106   0.651904   0.567426 -0.0123742   0.650616    0.999967 -0.00806701 -0.00031827   -0.008067   -0.999967 3.30615e-05 -0.000318526  -3.0493e-05           -1   0.999996 0.00152686 -0.0025045  0.00152758   -0.999999 0.000285346  -0.00250406 -0.000289171    -0.999997 -0.000170946   0.00282502 -0.000495195     -1.57058  -0.00028944       1.5709  -0.00219297
  0.564751 -0.0103274   0.651903   0.567491 -0.0123829   0.650505     0.999959  -0.00905283 -0.000318095 -0.00905282   -0.999959 3.32019e-05 -0.000318383 -3.03209e-05           -1   0.999995 0.00172094 -0.0027006  0.00172178   -0.999998 0.000308208  -0.00270006 -0.000312856    -0.999996 -0.000135183   0.00302434 -0.000547647     -1.57058 -0.000313044       1.5709  -0.00240374
  0.564541 -0.0101341   0.651902   0.567526 -0.0124052   0.650407     0.999949   -0.0100922 -0.000317911  -0.0100922   -0.999949 3.33497e-05 -0.000318232 -3.01396e-05           -1    0.999995  0.00161223 -0.00286843  0.00161313   -0.999999 0.000314231  -0.00286792 -0.000318856    -0.999996 -0.000184059   0.00313187 -0.000535488     -1.57066 -0.000319242      1.57092  -0.00233173
   0.564321 -0.00993099      0.6519   0.567588 -0.0124115   0.650295     0.999937    -0.011185 -0.000317717  -0.0111849   -0.999937 3.35049e-05 -0.000318072 -2.99491e-05           -1    0.999994  0.00179462 -0.00306859  0.00179566   -0.999998 0.000336086  -0.00306798 -0.000341594    -0.999995 -0.000145674   0.00332141 -0.000586033     -1.57067 -0.000341892      1.57092  -0.00252628
    0.56409 -0.00971798    0.651899   0.567622 -0.0124323   0.650195     0.999924   -0.0123307 -0.000317514  -0.0123307   -0.999924 3.36674e-05 -0.000317905 -2.97497e-05           -1    0.999993  0.00167375 -0.00323904  0.00167487   -0.999999 0.000342386  -0.00323846 -0.000347809    -0.999995 -0.000193834   0.00342584 -0.000571728     -1.57076  -0.00034833      1.57095  -0.00243926
   0.563848 -0.00949518    0.651897    0.56768 -0.0124358   0.650083     0.999908   -0.0135291 -0.000317301  -0.0135291   -0.999908 3.38371e-05  -0.00031773 -2.95412e-05           -1    0.999992  0.00184375 -0.00343967  0.00184501   -0.999998 0.000363736 -0.00343899 -0.00037008   -0.999994 -0.000152588   0.00360346 -0.000619888     -1.57078 -0.000370502      1.57095  -0.00261617
   0.563596 -0.00926263    0.651896   0.567712 -0.0124546   0.649984     0.999891   -0.0147799 -0.000317079 -0.0147799  -0.999891 3.4014e-05 -0.000317547 -2.93239e-05           -1   0.999992 0.00171048 -0.0036094  0.00171183   -0.999998 0.000370339  -0.00360876 -0.000376515    -0.999993 -0.000199318   0.00370169 -0.000603199     -1.57088 -0.000377178      1.57097  -0.00251293
   0.563334 -0.00902038    0.651894   0.567766 -0.0124549   0.649874     0.999871   -0.0160829 -0.000316847  -0.0160829   -0.999871 3.41979e-05 -0.000317356 -2.90977e-05           -1    0.999991   0.0018676 -0.00380812  0.0018691  -0.999998 0.00039097  -0.00380738 -0.000398085    -0.999993 -0.000154734   0.00386548 -0.000648737     -1.57091 -0.000398636      1.57097    -0.002671
  0.563061 -0.0087685   0.651893   0.567795 -0.0124715   0.649775     0.999848   -0.0174376 -0.000316605  -0.0174376   -0.999848 3.43889e-05 -0.000317157 -2.88628e-05           -1   0.999991 0.00172099 -0.0039745  0.00172258   -0.999998 0.000397904  -0.00397381 -0.000404746    -0.999992 -0.000199318   0.00395536 -0.000629663     -1.57102  -0.00040555        1.571  -0.00254989
   0.562777 -0.00850703    0.651891   0.567843 -0.0124686   0.649668     0.999822   -0.0188439 -0.000316354  -0.0188439   -0.999822 3.45867e-05  -0.00031695 -2.86193e-05           -1     0.99999  0.00186404 -0.00416892   0.0018658   -0.999998 0.000417845  -0.00416813 -0.000425619    -0.999991 -0.000151157   0.00410366 -0.000672817     -1.57106 -0.000426292        1.571  -0.00268793
   0.562483 -0.00823604    0.651889   0.567869 -0.0124819   0.649572     0.999794   -0.0203013 -0.000316094  -0.0203013   -0.999794 3.47914e-05 -0.000316735 -2.83671e-05           -1    0.999989  0.00170456 -0.00433053 0.00170641  -0.999998 0.00042513  -0.00432979 -0.000432515    -0.999991 -0.000192881   0.00418353 -0.000650644     -1.57118 -0.000433445      1.57103  -0.00254798
   0.562179 -0.00795557    0.651887   0.567913 -0.0124757   0.649468     0.999762   -0.0218097 -0.000315824  -0.0218097   -0.999762 3.50029e-05 -0.000316513 -2.81065e-05           -1    0.999988  0.00183259 -0.00451946  0.00183462   -0.999998 0.000444647  -0.00451863 -0.000452934     -0.99999 -0.000140905   0.00431561 -0.000691414     -1.57124 -0.000453711      1.57103   -0.0026648
   0.561865 -0.00766569    0.651885   0.567935 -0.0124856   0.649375     0.999727   -0.0233687 -0.000315545 -0.0233687  -0.999727 3.5221e-05 -0.000316282 -2.78375e-05           -1    0.999988  0.00165976 -0.00467533  0.00166189   -0.999999 0.000452307  -0.00467457 -0.000460071    -0.999989 -0.000179052   0.00438404 -0.000666142     -1.57136 -0.000461102      1.57107  -0.00250483
   0.561541 -0.00736644    0.651883   0.567973 -0.0124761   0.649275     0.999688   -0.0249779 -0.000315257  -0.0249779   -0.999688 3.54458e-05 -0.000316044 -2.75602e-05           -1    0.999987   0.0017711 -0.00485948  0.00177341   -0.999998 0.000470949  -0.00485863 -0.000479561    -0.999988 -0.000123501   0.00449944 -0.000704288     -1.57143 -0.000480413      1.57107  -0.00259876
   0.561206 -0.00705788    0.651881  0.567992 -0.012482  0.649184     0.999645   -0.0266372 -0.000314959 -0.0266372  -0.999645 3.5677e-05 -0.000315797 -2.72747e-05           -1    0.999986  0.00158444 -0.00500913  0.00158686   -0.999999 0.000478767  -0.00500837 -0.000486709    -0.999987 -0.000157595   0.00455546 -0.000675678     -1.57156 -0.000487804       1.5711  -0.00241756
   0.560862 -0.00674007    0.651879   0.568025 -0.0124688   0.649088     0.999598   -0.0283462 -0.000314652  -0.0283461   -0.999598 3.59146e-05 -0.000315543  -2.6981e-05           -1    0.999985  0.00167886 -0.00518802  0.00168147   -0.999998 0.000497274  -0.00518718 -0.000505991    -0.999986   -9.799e-05   0.00465393 -0.000710964     -1.57164 -0.000506878      1.57111  -0.00248766
   0.560507 -0.00641306    0.651877   0.568039 -0.0124707      0.649     0.999547   -0.0301045 -0.000314335  -0.0301045   -0.999547 3.61586e-05 -0.000315281 -2.66793e-05           -1   0.999985 0.00147766 -0.0053329 0.00148038  -0.999999 0.00050527  -0.00533214 -0.000513157    -0.999986 -0.000127792   0.00469732 -0.000679016     -1.57178 -0.000514269      1.57115  -0.00228429
  0.560143 -0.0060769   0.651875   0.568066 -0.0124536   0.648906     0.999491   -0.0319119 -0.000314009  -0.0319119   -0.999491 3.64088e-05 -0.000315011 -2.63696e-05           -1   0.999984 0.00155397  -0.005507  0.00155687   -0.999999 0.000522953  -0.00550618 -0.000531518    -0.999985 -6.41346e-05   0.00477886 -0.000711203     -1.57188 -0.000532389      1.57115  -0.00232911
   0.559768 -0.00573165    0.651873   0.568076 -0.0124515    0.64882      0.99943    -0.033768 -0.000313674   -0.033768    -0.99943 3.66652e-05 -0.000314733 -2.60521e-05           -1    0.999983  0.00133703 -0.00564709 0.00134005  -0.999999 0.00053115  -0.00564637 -0.000538709    -0.999984  -8.9407e-05   0.00480914 -0.000676155     -1.57203  -0.00053978      1.57119  -0.00210238
   0.559384 -0.00537737     0.65187   0.568098 -0.0124305   0.648729    0.999363  -0.0356727 -0.00031333  -0.0356727   -0.999364 3.69276e-05 -0.000314448 -2.57268e-05           -1   0.999982 0.00139426 -0.0058176  0.00139747   -0.999999 0.000548273  -0.00581683 -0.000556393    -0.999983 -2.16961e-05   0.00487399 -0.000705004     -1.57215 -0.000557184       1.5712  -0.00212073
    0.55899 -0.00501411    0.651868   0.568104 -0.0124237   0.648645     0.999292   -0.0376254 -0.000312976 -0.0376254  -0.999292 3.7196e-05 -0.000314154 -2.53938e-05           -1    0.999982  0.00116111 -0.00595433  0.00116445   -0.999999 0.000556693  -0.00595368 -0.000563616    -0.999982 -4.22001e-05   0.00489092 -0.000666142     -1.57231 -0.000564575      1.57125   -0.0018692
   0.558587 -0.00464192    0.651866  0.568121 -0.012399  0.648556     0.999215    -0.039626 -0.000312613   -0.039626   -0.999215 3.74703e-05 -0.000313853 -2.50532e-05           -1    0.999981  0.00119856 -0.00612124  0.00120209   -0.999999 0.000573281  -0.00612055 -0.000580628    -0.999981  2.95639e-05   0.00493908 -0.000691891     -1.57244 -0.000581264      1.57126  -0.00186062
   0.558174 -0.00426086    0.651863   0.568123 -0.0123876   0.648473     0.999131   -0.0416742 -0.000312241  -0.0416741   -0.999131 3.77503e-05 -0.000313543 -2.47052e-05           -1     0.99998 0.000948012 -0.00625556 0.000951669   -0.999999  0.00058171    -0.006255 -0.000587652     -0.99998  1.38283e-05   0.00494266 -0.000649214     -1.57262 -0.000588417       1.5713   -0.0015831
   0.557751 -0.00387099    0.651861  0.568134 -0.012359  0.648386    0.999042  -0.0437695 -0.00031186  -0.0437695   -0.999042 3.80361e-05 -0.000313226 -2.43497e-05           -1    0.999979 0.000964478 -0.00641983 0.000968337   -0.999999  0.00059803  -0.00641925 -0.000604234    -0.999979  8.96454e-05   0.00497413 -0.000671625     -1.57276  -0.00060463      1.57132  -0.00154614
   0.557319 -0.00347235    0.651858   0.568131 -0.0123432   0.648304    0.998945  -0.0459117 -0.00031147  -0.0459117   -0.998946 3.83274e-05 -0.000312901 -2.39869e-05           -1    0.999978 0.000695575 -0.00655245 0.000699564          -1 0.000606495  -0.00655203 -0.000611066    -0.999978  7.86781e-05   0.00496411 -0.000625372     -1.57295 -0.000611544      1.57136  -0.00124192
 0.556877 -0.003065  0.651855   0.568137 -0.0123104   0.648218    0.998842  -0.0481005 -0.00031107  -0.0481005   -0.998843 3.86243e-05 -0.000312568  -2.3617e-05           -1    0.999977 0.000690347 -0.00671479 0.000694541          -1 0.000622338  -0.00671436 -0.000626988    -0.999977  0.000158548    0.0049789 -0.000643969     -1.57312 -0.000627041      1.57138   -0.0011754
   0.556426 -0.00264901    0.651853  0.56813 -0.01229 0.648138     0.998732   -0.0503355 -0.000310661  -0.0503355   -0.998732 3.89265e-05 -0.000312227 -2.32399e-05           -1    0.999976 0.000402135 -0.00684572 0.000406465          -1 0.000631108  -0.00684546 -0.000633875    -0.999976  0.000152349   0.00495481 -0.000593662     -1.57332 -0.000633955      1.57143 -0.000843048
   0.555966 -0.00222442     0.65185   0.56813 -0.012253  0.648053     0.998615   -0.0526165 -0.000310243  -0.0526164   -0.998615 3.92341e-05 -0.000311878 -2.28558e-05           -1    0.999975 0.000374498 -0.00700659 0.000379035          -1 0.000646264  -0.00700635 -0.000648904    -0.999975  0.000236273   0.00495267 -0.000608444      -1.5735 -0.000648499      1.57145  -0.00074625
   0.555496 -0.00179128    0.651847   0.568119 -0.0122277   0.647973     0.998489    -0.054943 -0.000309816   -0.054943   -0.998489 3.95468e-05 -0.000311521 -2.24648e-05           -1    0.999975 6.60236e-05 -0.00713582 7.07003e-05          -1 0.000655133  -0.00713578 -0.000655621    -0.999974  0.000235081   0.00491405 -0.000554085     -1.57372 -0.000655174       1.5715 -0.000384569
   0.555018 -0.00134966    0.651844   0.568114 -0.0121867   0.647889    0.998356  -0.0573149 -0.00030938  -0.0573149   -0.998356 3.98647e-05 -0.000311156 -2.20671e-05           -1    0.999973 1.45463e-05 -0.00729595 1.94343e-05          -1 0.000669877  -0.00729594 -0.000670001    -0.999973  0.000322819   0.00489497 -0.000565052     -1.57392 -0.000669003      1.57152   -0.0002563
     0.55453 -0.000899603     0.651841   0.568097 -0.0121564    0.64781     0.998214   -0.0597317 -0.000308935  -0.0597317   -0.998214 4.01875e-05 -0.000310784 -2.16626e-05           -1     0.999972 -0.000314428  -0.00742348 -0.000309395           -1  0.000679111  -0.00742369 -0.000676796    -0.999972  0.000326633   0.00484109 -0.000506163     -1.57416 -0.000675678      1.57158  0.000135422
    0.554033 -0.000441169     0.651838   0.568086 -0.0121113   0.647728     0.998064   -0.0621931 -0.000308481  -0.0621931   -0.998064 4.05153e-05 -0.000310403 -2.12515e-05           -1     0.999971 -0.000390222  -0.00758215 -0.000384979           -1     0.000693  -0.00758242 -0.000690061    -0.999971  0.000418425   0.00480461 -0.000513315     -1.57438 -0.000688314       1.5716  0.000295877
   0.553527 2.55877e-05    0.651835   0.568065 -0.0120761    0.64765     0.997905   -0.0646989 -0.000308017  -0.0646989   -0.997905 4.08478e-05 -0.000310015 -2.08339e-05           -1      0.99997 -0.000741128  -0.00770845 -0.000735736    -0.999999  0.000702399  -0.00770896 -0.000696706     -0.99997  0.000427246   0.00473499 -0.000450134     -1.57464 -0.000694752      1.57166  0.000718832
   0.553012 0.000500613    0.651832   0.568048 -0.0120267   0.647568     0.997736   -0.0672486 -0.000307545  -0.0672486   -0.997736 4.11851e-05 -0.000309618 -2.04099e-05           -1     0.999969 -0.000842192  -0.00786517 -0.000836584    -0.999999  0.000716184  -0.00786577 -0.000709582    -0.999969   0.00052309   0.00468063 -0.000453234     -1.57487 -0.000706911      1.57169  0.000912666
   0.552488 0.000983853    0.651829   0.568022 -0.0119864   0.647491     0.997558   -0.0698419 -0.000307063  -0.0698419   -0.997558 4.15269e-05 -0.000309214 -1.99796e-05           -1    0.999967 -0.00121551 -0.00798953 -0.00120975   -0.999999 0.000725541   -0.0079904 -0.000715852    -0.999968  0.000536919   0.00459456 -0.000385523     -1.57515 -0.000712872      1.57175   0.00136757
  0.551955 0.00147525   0.651825   0.567999 -0.0119324   0.647411      0.99737   -0.0724786 -0.000306573  -0.0724786    -0.99737 4.18733e-05 -0.000308801 -1.95432e-05           -1    0.999966 -0.00134232 -0.00814503 -0.00133635   -0.999999 0.000738545  -0.00814601 -0.000727635    -0.999967  0.000637054   0.00452185 -0.000384331     -1.57541 -0.000723839      1.57178   0.00159574
  0.551414 0.00197475   0.651822  0.567967 -0.011887  0.647335     0.997172   -0.0751582 -0.000306073 -0.0751582  -0.997172 4.2224e-05 -0.000308381 -1.91007e-05           -1    0.999964 -0.00173875 -0.00826672 -0.00173263   -0.999998 0.000748371  -0.00826801 -0.000734021    -0.999966   0.00065589   0.00441861 -0.000311852      -1.5757 -0.000729799      1.57185   0.00208354
  0.550863 0.00248231   0.651819   0.567938 -0.0118286   0.647256     0.996963   -0.0778805 -0.000305564 -0.0778805  -0.996963 4.2579e-05 -0.000307952 -1.86521e-05           -1    0.999963 -0.00189227 -0.00842027 -0.00188592   -0.999998 0.000760869   -0.0084217 -0.000744961    -0.999964  0.000760317   0.00432706 -0.000306368     -1.57597 -0.000739813      1.57188   0.00234699
  0.550304 0.00299785   0.651816     0.5679 -0.0117778   0.647182     0.996743    -0.080645 -0.000305047   -0.080645   -0.996743 4.29381e-05 -0.000307516 -1.81978e-05           -1    0.999961 -0.00231254 -0.00853954 -0.00230604   -0.999997 0.000770725   -0.0085413 -0.000751003    -0.999963  0.000784397   0.00420618  -0.00022912     -1.57628 -0.000745296      1.57195   0.00286865
  0.549737 0.00352134   0.651812   0.567866 -0.0117146   0.647105    0.996512  -0.0834515 -0.00030452  -0.0834515   -0.996512 4.33013e-05 -0.000307071 -1.77376e-05           -1    0.999959 -0.00249299 -0.00869043 -0.00248628   -0.999997 0.000782991  -0.00869236 -0.000761352    -0.999962  0.000893354   0.00409508 -0.000219107     -1.57658 -0.000754595      1.57198   0.00316811
  0.549161 0.00405272   0.651809   0.567822 -0.0116586   0.647032     0.996269   -0.0862995 -0.000303984  -0.0862995   -0.996269 4.36685e-05 -0.000306619 -1.72719e-05           -1    0.999957  -0.0029383 -0.00880751 -0.00293142   -0.999995 0.000793156   -0.0088098 -0.000767303    -0.999961   0.00092268   0.00395608 -0.000137091     -1.57691  -0.00075984      1.57205   0.00372481
  0.548576 0.00459192   0.651805   0.567781 -0.0115904   0.646957    0.996015  -0.0891889 -0.00030344  -0.0891889   -0.996015 4.40395e-05 -0.000306158 -1.68005e-05           -1    0.999955 -0.00314592  -0.0089555 -0.00313884   -0.999995 0.000804747  -0.00895799 -0.000776601     -0.99996   0.00103617   0.00382495  -0.00012207     -1.57723 -0.000767946      1.57209   0.00406098
 0.547983 0.0051389  0.651801   0.567731 -0.0115289   0.646886     0.995748   -0.0921191 -0.000302886  -0.0921191   -0.995748 4.44143e-05  -0.00030569 -1.63238e-05           -1    0.999952 -0.00361674 -0.00906944 -0.00360949   -0.999993 0.000815015 -0.00907232 -0.00078224   -0.999959   0.00107098   0.00366712 -3.52859e-05     -1.57757 -0.000772715      1.57217   0.00465345
 0.547382 0.0056936  0.651798   0.567683 -0.0114556   0.646813     0.995469   -0.0950899 -0.000302324  -0.0950898   -0.995469 4.47926e-05 -0.000305213 -1.58417e-05           -1     0.99995 -0.00385274 -0.00921453 -0.00384529   -0.999992 0.000825976  -0.00921764 -0.000790502    -0.999957   0.00118923   0.00351548 -1.54972e-05     -1.57791 -0.000779629      1.57221   0.00502753
  0.546772 0.00625596   0.651794   0.567627 -0.0113886   0.646743     0.995176   -0.0981008 -0.000301753  -0.0981008   -0.995176 4.51745e-05 -0.000304729 -1.53544e-05           -1    0.999947 -0.00434906 -0.00932508 -0.00434144    -0.99999 0.000836615  -0.00932863 -0.000796087    -0.999956   0.00122952   0.00333834  7.65324e-05     -1.57828 -0.000784159      1.57229   0.00565624
  0.546154 0.00682594    0.65179   0.567572 -0.0113101   0.646672     0.994871    -0.101152 -0.000301172   -0.101152   -0.994871 4.55598e-05 -0.000304236 -1.48621e-05           -1    0.999945  -0.0046139 -0.00946655 -0.00460608   -0.999989 0.000847218  -0.00947035 -0.000803567    -0.999955   0.00135255   0.00316572  0.000101328     -1.57864 -0.000790119      1.57233   0.00606894
  0.545528 0.00740348   0.651787    0.56751 -0.0112374   0.646605     0.994552    -0.104242 -0.000300583   -0.104242   -0.994552 4.59484e-05 -0.000303735 -1.43647e-05           -1    0.999941 -0.00513668 -0.00957371  -0.0051287   -0.999986 0.000857792 -0.00957799 -0.00080864   -0.999954   0.00139856   0.00296879  0.000198364     -1.57902 -0.000793934      1.57241   0.00673485
  0.544894 0.00798851   0.651783   0.567448 -0.0111536   0.646536     0.994219    -0.107371 -0.000299985   -0.107371   -0.994219 4.63401e-05 -0.000303226 -1.38625e-05           -1    0.999938 -0.00543085  -0.0097118 -0.00542267   -0.999985 0.000868315  -0.00971637 -0.000815598    -0.999952   0.00152659   0.00277495  0.000228405      -1.5794 -0.000799179      1.57246   0.00718713
0.544252 0.008581 0.651779  0.567379 -0.011075  0.646471     0.993872    -0.110539 -0.000299378  -0.110539  -0.993872 4.6735e-05 -0.000302709 -1.33555e-05           -1    0.999934  -0.0059808 -0.00981534 -0.00597246   -0.999982  0.00087886 -0.00982042 -0.00082018   -0.999951   0.00157833   0.00255752  0.000330687     -1.57981 -0.000802279      1.57255   0.00789118
  0.543601 0.00918087   0.651775   0.567311 -0.0109858   0.646404      0.99351    -0.113746 -0.000298762   -0.113746    -0.99351 4.71327e-05 -0.000302184 -1.28438e-05           -1    0.999931 -0.00630477 -0.00994957 -0.00629624    -0.99998 0.000888861  -0.00995497 -0.000826155     -0.99995   0.00171137   0.00234222  0.000365973     -1.58021 -0.000806332       1.5726   0.00838351
  0.542943 0.00978809   0.651771   0.567235 -0.0109014   0.646342     0.993133     -0.11699 -0.000298138    -0.11699   -0.993133 4.75334e-05 -0.000301651 -1.23277e-05           -1    0.999926 -0.00688238  -0.0100492 -0.00687368   -0.999976 0.000899888   -0.0100552 -0.000830746    -0.999949   0.00176907   0.00210404  0.000473499     -1.58064 -0.000809193      1.57269   0.00912642
 0.542277 0.0104026  0.651767    0.56716 -0.0108067   0.646277     0.992741    -0.120273 -0.000297504   -0.120273   -0.992741 4.79367e-05  -0.00030111 -1.18071e-05           -1    0.999922 -0.00723686  -0.0101796 -0.00722797   -0.999973 0.000909407   -0.0101859 -0.000835758    -0.999948   0.00190711   0.00186682  0.000514269     -1.58106 -0.000812054      1.57274   0.00965977
 0.541603 0.0110243  0.651763   0.567077 -0.0107159   0.646217     0.992333    -0.123592 -0.000296862   -0.123592   -0.992333 4.83427e-05 -0.000300561 -1.12822e-05           -1    0.999916 -0.00784212  -0.0102752 -0.00783307   -0.999969 0.000920712   -0.0102821 -0.000840148    -0.999947   0.00197101   0.00160766  0.000627518     -1.58151 -0.000814438      1.57283    0.0104423
 0.540921 0.0116532  0.651759   0.566994 -0.0106156   0.646155     0.991909    -0.126948 -0.000296211   -0.126948   -0.991909 4.87511e-05 -0.000300003 -1.07532e-05           -1    0.999912 -0.00822736  -0.0104019 -0.00821813   -0.999966 0.000929549   -0.0104092 -0.000843983    -0.999945    0.0021143   0.00134826  0.000673771     -1.58195 -0.000815868      1.57289    0.0110171
 0.540231 0.0122892  0.651755   0.566905 -0.0105185   0.646097     0.991469    -0.130341 -0.000295551  -0.130341  -0.991469 4.9162e-05 -0.000299438   -1.022e-05           -1    0.999906 -0.00886122  -0.0104939 -0.00885183    -0.99996 0.000941175   -0.0105018 -0.000848196    -0.999944   0.00218439   0.00106764  0.000792742     -1.58242 -0.000817776      1.57298    0.0118401
 0.539534 0.0129323   0.65175   0.566815 -0.0104126   0.646037     0.991012     -0.13377 -0.000294883    -0.13377   -0.991012 4.95751e-05 -0.000298864 -9.68294e-06           -1    0.999901 -0.00927792  -0.0106168 -0.00926836   -0.999957 0.000949369   -0.0106251 -0.000850875    -0.999943   0.00233293  0.000785828  0.000844479     -1.58289 -0.000817776      1.57305    0.0124571
 0.538829 0.0135824  0.651746   0.566718 -0.0103093   0.645981     0.990538    -0.137235 -0.000294205   -0.137235   -0.990539 4.99903e-05 -0.000298282 -9.14203e-06           -1    0.999893 -0.00994087  -0.0107041 -0.00993114    -0.99995 0.000961579   -0.0107132 -0.000855172    -0.999942   0.00240922  0.000483274  0.000969172     -1.58338 -0.000819445      1.57314    0.0133212
 0.538117 0.0142394  0.651742   0.566621 -0.0101974   0.645924     0.990047    -0.140735 -0.000293519   -0.140735   -0.990047 5.04076e-05 -0.000297692 -8.59739e-06           -1   0.999887 -0.0103893 -0.0108239 -0.0103794  -0.999946 0.00096894   -0.0108334 -0.000856486    -0.999941   0.00256324  0.000178814   0.00102663     -1.58387 -0.000817776      1.57321    0.0139811
 0.537397 0.0149034  0.651737   0.566517 -0.0100877    0.64587     0.989538     -0.14427 -0.000292825    -0.14427   -0.989538 5.08268e-05 -0.000297094 -8.04916e-06           -1   0.999879  -0.011082 -0.0109067   -0.011072   -0.999938 0.000981772   -0.0109169 -0.000860895     -0.99994   0.00264573 -0.000145674   0.00115728     -1.58438 -0.000819206      1.57331    0.0148871
  0.53667 0.0155742  0.651733    0.566412 -0.00996964    0.645815     0.989011     -0.14784 -0.000292121    -0.14784   -0.989011 5.12478e-05 -0.000296488 -7.49746e-06           -1   0.999872 -0.0115621 -0.0110226  -0.0115519   -0.999933 0.000988568  -0.0110333 -0.00086111   -0.999939   0.00280547 -0.000473022    0.0012207     -1.58489 -0.000816107      1.57338    0.0155904
 0.535936 0.0162518  0.651729    0.566301 -0.00985348    0.645764     0.988466    -0.151444 -0.000291409   -0.151444   -0.988466 5.16705e-05 -0.000295873 -6.94239e-06           -1   0.999863 -0.0122849 -0.0111017 -0.0122745  -0.999924 0.00100207   -0.0111132 -0.000865666    -0.999938    0.0028944 -0.000819921   0.00135732     -1.58542 -0.000817299      1.57348    0.0165389
 0.535194 0.0169361  0.651724   0.566189 -0.0097293   0.645711     0.987902    -0.155081 -0.000290689   -0.155081   -0.987902 5.20947e-05 -0.000295251 -6.38408e-06           -1   0.999855 -0.0127974 -0.0112135 -0.0127869  -0.999918 0.00100858   -0.0112255 -0.000865046    -0.999937   0.00305986   -0.0011704    0.0014267     -1.58595 -0.000813007      1.57355    0.0172863
 0.534445 0.0176271   0.65172    0.566071 -0.00960667    0.645662     0.987318    -0.158752 -0.000289959   -0.158752   -0.987318 5.25204e-05  -0.00029462 -5.82265e-06           -1   0.999844 -0.0135507  -0.011289   -0.01354  -0.999908 0.00102279   -0.0113018 -0.000869779    -0.999936   0.00315523  -0.00153995   0.00156927     -1.58651 -0.000813961      1.57367    0.0182776
 0.533688 0.0183247  0.651715     0.56595 -0.00947598    0.645612     0.986716    -0.162456 -0.000289221   -0.162456   -0.986716 5.29474e-05 -0.000293981 -5.25822e-06           -1   0.999836 -0.0140957  -0.011397 -0.0140849    -0.9999 0.00102906   -0.0114103 -0.000868362    -0.999935   0.00332665  -0.00191402   0.00164509     -1.58707 -0.000808477      1.57374    0.0190699
 0.532925 0.0190289   0.65171    0.565824 -0.00934661    0.645565     0.986093    -0.166193 -0.000288475   -0.166193   -0.986093 5.33757e-05 -0.000293334 -4.69091e-06           -1   0.999824 -0.0148797  -0.011469 -0.0148687  -0.999889 0.00104402  -0.0114833 -0.00087331   -0.999934    0.0034287  -0.00230646   0.00179386     -1.58765 -0.000809193      1.57385    0.0201049
 0.532154 0.0197396  0.651706    0.565696 -0.00920958    0.645517    0.985451   -0.169962 -0.00028772  -0.169962  -0.985451 5.3805e-05 -0.000292679 -4.12083e-06           -1   0.999814  -0.015458 -0.0115734 -0.0154469   -0.99988 0.00105009   -0.0115882 -0.000871124    -0.999932   0.00360632  -0.00270438   0.00187564     -1.58823 -0.000802517      1.57393    0.0209427
 0.531377 0.0204568  0.651701    0.565563 -0.00907322    0.645472     0.984788    -0.173762 -0.000286956   -0.173762   -0.984788 5.42353e-05 -0.000292015 -3.54812e-06           -1     0.9998 -0.0162728 -0.0116421 -0.0162615  -0.999867 0.00106586   -0.0116579 -0.000876328    -0.999932   0.00371504  -0.00312018   0.00203109     -1.58883 -0.000802994      1.57405    0.0220218
 0.530592 0.0211803  0.651696    0.565427 -0.00892959    0.645426     0.984104    -0.177594 -0.000286184   -0.177594   -0.984104 5.46664e-05 -0.000291344 -2.97289e-06           -1   0.999788 -0.0168847 -0.0117426 -0.0168733  -0.999857 0.00107201    -0.011759 -0.000873649     -0.99993   0.00389886  -0.00354218    0.0021193     -1.58943 -0.000795364      1.57413    0.0229058
 0.529801 0.0219103  0.651692    0.565286 -0.00878638    0.645384     0.983399    -0.181456 -0.000285404   -0.181456   -0.983399 5.50983e-05 -0.000290664 -2.39527e-06           -1   0.999773 -0.0177309 -0.0118073 -0.0177193  -0.999842 0.00108837   -0.0118248 -0.000878901     -0.99993   0.00401449  -0.00398207   0.00228095     -1.59006 -0.000795364      1.57425    0.0240295
 0.529003 0.0226465  0.651687    0.565142 -0.00863592     0.64534     0.982673     -0.18535 -0.000284615    -0.18535   -0.982673 5.55308e-05 -0.000289976 -1.81536e-06           -1    0.99976 -0.0183762 -0.0119044 -0.0183645  -0.999831 0.00109465   -0.0119225 -0.000875773    -0.999929   0.00420475  -0.00442863   0.00237584     -1.59069 -0.000786781      1.57433      0.02496
0.528198 0.023389 0.651682    0.564992 -0.00848575    0.645299     0.981924    -0.189273 -0.000283818   -0.189273   -0.981925 5.59638e-05  -0.00028928 -1.23331e-06           -1   0.999743 -0.0192546 -0.0119653 -0.0192427  -0.999814 0.00111188   -0.0119845 -0.000881352    -0.999928    0.0043273  -0.00489283   0.00254393     -1.59134 -0.000786543      1.57446    0.0261292
 0.527386 0.0241376  0.651677    0.56484 -0.0083283   0.645258     0.981154    -0.193226 -0.000283012   -0.193226   -0.981154 5.63972e-05 -0.000288576 -6.49223e-07           -1   0.999729 -0.0199333 -0.0120586 -0.0199212  -0.999801  0.0011181   -0.0120785 -0.000877573    -0.999927   0.00452423  -0.00536442   0.00264549       -1.592 -0.000776768      1.57455    0.0271065
 0.526568 0.0248924  0.651672    0.564682 -0.00817094    0.645219     0.980362    -0.197208 -0.000282198   -0.197208   -0.980362 5.68309e-05 -0.000287863 -6.32272e-08           -1   0.999709 -0.0208438 -0.0121163 -0.0208316  -0.999782 0.00113626   -0.0121373 -0.000883532    -0.999926   0.00465369  -0.00585318   0.00282049     -1.59267 -0.000776291      1.57468    0.0283217
 0.525743 0.0256533  0.651667    0.564522 -0.00800668     0.64518     0.979546    -0.201219 -0.000281375   -0.201219   -0.979546 5.72647e-05 -0.000287143  5.24555e-07           -1   0.999693 -0.0215571 -0.0122052 -0.0215447  -0.999767 0.00114268    -0.012227 -0.000879374    -0.999925   0.00485706  -0.00635004   0.00292873     -1.59335 -0.000765562      1.57477    0.0293467
 0.524912 0.0264202  0.651662    0.564356 -0.00784211    0.645144     0.978708    -0.205258 -0.000280545   -0.205258   -0.978708 5.76985e-05 -0.000286414    1.114e-06           -1  0.999672   -0.0225 -0.012259 -0.0224874  -0.999746 0.00116157    -0.012282 -0.000885512    -0.999924   0.00499344  -0.00686383   0.00311065     -1.59405 -0.000764608       1.5749    0.0306082
0.524074 0.027193 0.651657    0.564187 -0.00767076    0.645107     0.977846    -0.209325 -0.000279706   -0.209325   -0.977846 5.81322e-05 -0.000285678  1.70499e-06           -1   0.999654 -0.0232473  -0.012344 -0.0232346  -0.999729 0.00116776  -0.0123679 -0.00088055   -0.999923   0.00520325  -0.00738621   0.00322604     -1.59476 -0.000752449        1.575    0.0316808
  0.52323 0.0279718  0.651652   0.564013 -0.0074993   0.645073     0.976961    -0.213419 -0.000278858   -0.213419   -0.976961 5.85657e-05 -0.000284933   2.2974e-06           -1    0.99963 -0.0242236 -0.0123937 -0.0242107  -0.999706 0.00118788   -0.0124188 -0.000887378    -0.999922    0.0053463  -0.00792503   0.00341463     -1.59549 -0.000751495      1.57514     0.032989
 0.522379 0.0287564  0.651647    0.563836 -0.00732099    0.645038     0.976051    -0.217541 -0.000278003   -0.217541   -0.976051 5.89989e-05 -0.00028418  2.8911e-06          -1   0.999609 -0.0250061 -0.0124744 -0.0249932  -0.999687 0.00119365   -0.0125004 -0.000881407    -0.999921   0.00556231  -0.00847292   0.00353718     -1.59622 -0.000737667      1.57524    0.0341103
 0.521522 0.0295469  0.651642    0.563653 -0.00714248    0.645007     0.975117    -0.221689 -0.000277139   -0.221689   -0.975117 5.94316e-05 -0.000283419  3.48598e-06           -1   0.999583 -0.0260158 -0.0125204 -0.0260026  -0.999661 0.00121457   -0.0125477 -0.000888505    -0.999921   0.00571179  -0.00903678   0.00373292     -1.59697 -0.000736237      1.57538    0.0354655
 0.520659 0.0303431  0.651636    0.563467 -0.00695751    0.644974     0.974159    -0.225864 -0.000276268   -0.225863   -0.974159 5.98638e-05 -0.00028265 4.08191e-06          -1   0.999561 -0.0268348 -0.0125973 -0.0268215  -0.999639 0.00121998   -0.0126255 -0.000881566     -0.99992   0.00593352   -0.0096097   0.00386262     -1.59772 -0.000720739      1.57548    0.0366361
  0.51979 0.0311449  0.651631    0.563277 -0.00677213    0.644944     0.973176    -0.230063 -0.000275388   -0.230063   -0.973176 6.02953e-05 -0.000281872  4.67876e-06           -1   0.999531 -0.0278782 -0.0126393 -0.0278647  -0.999611 0.00124198   -0.012669 -0.00088921   -0.999919  0.00608921  -0.0101981  0.00406551     -1.5985 -0.00071907     1.57562   0.0380385
 0.518914 0.0319525  0.651626    0.563083 -0.00658061    0.644914   0.972167  -0.234289 -0.0002745  -0.234289  -0.972167 6.0726e-05 -0.000281087  5.27642e-06           -1   0.999506 -0.0287339 -0.0127131 -0.0287204  -0.999587 0.00124685   -0.0127437 -0.000881111    -0.999918   0.00631642   -0.0107956   0.00420237     -1.59928 -0.000701666      1.57573    0.0392585
 0.518033 0.0327656   0.65162    0.562884 -0.00638834    0.644886     0.971133    -0.238539 -0.000273604   -0.238539   -0.971133 6.11557e-05 -0.000280294  5.87476e-06           -1   0.999474 -0.0298119 -0.0127522 -0.0297981  -0.999555 0.00126954   -0.0127844 -0.000888883    -0.999918   0.00647807   -0.0114079   0.00441265     -1.60008 -0.000699282      1.57588    0.0407088
 0.517145 0.0335842  0.651615    0.562682 -0.00619017    0.644856   0.970073  -0.242813 -0.0002727   -0.242813   -0.970073 6.15844e-05 -0.000279492  6.47366e-06           -1   0.999446 -0.0307045 -0.0128239 -0.0306907  -0.999528 0.00127397   -0.0128569 -0.000879686    -0.999917  0.00671077  -0.0120292  0.00455689    -1.60089 -0.00067997     1.57599   0.0419786
 0.516252 0.0344083   0.65161    0.562476 -0.00599115    0.644829     0.968987    -0.247111 -0.000271788  -0.247111  -0.968987 6.2012e-05 -0.000278683  7.07299e-06           -1   0.999411 -0.0318177 -0.0128611 -0.0318036  -0.999493 0.00129744   -0.0128959 -0.000887646    -0.999916  0.00687814  -0.0126646  0.00477457    -1.60171 -0.00067687     1.57614   0.0434773
 0.515352 0.0352379  0.651604   0.562266 -0.0057862   0.644801     0.967875    -0.251432 -0.000270868   -0.251432   -0.967875 6.24382e-05 -0.000277866  7.67264e-06           -1    0.99938 -0.0327473 -0.0129309 -0.0327332  -0.999463 0.00130149  -0.0129666 -0.00087741   -0.999916   0.00711608    -0.013309   0.00492668     -1.60255 -0.000655651      1.57626    0.0447972
 0.514447 0.0360728  0.651599    0.562052 -0.00558044    0.644774     0.966736    -0.255777 -0.000269941   -0.255777   -0.966736 6.28631e-05 -0.00027704 8.27248e-06          -1   0.999341 -0.0338959 -0.0129674 -0.0338816  -0.999425 0.00132561   -0.0130048 -0.000885383    -0.999915   0.00728917    -0.013967   0.00515175      -1.6034 -0.000651598      1.57641    0.0463445
0.513536 0.036913 0.651593    0.561834 -0.00536856    0.644746      0.96557    -0.260143 -0.000269005   -0.260143    -0.96557 6.32865e-05 -0.000276207  8.87239e-06           -1   0.999307 -0.0348624 -0.0130371  -0.034848  -0.999392 0.00132895   -0.0130755 -0.000873712    -0.999914    0.0075326   -0.0146339   0.00531173     -1.60425 -0.000627995      1.57653    0.0477147
